62481123 4694.527746 4694.000000 280.000000 4695.000000 110.000000
62486384 4693.383334 4693.000000 210.000000 4694.000000 210.000000
62489080 4692.546876 4692.000000 330.000000 4693.000000 110.000000
62491586 4691.523584 4691.000000 220.000000 4692.000000 40.000000
62492120 4692.037500 4691.000000 260.000000 4693.000000 140.000000
62499822 4692.327338 4692.000000 50.000000 4693.000000 160.000000
62500368 4691.640158 4691.000000 270.000000 4692.000000 60.000000
62500882 4692.218188 4692.000000 10.000000 4693.000000 130.000000
62502452 4692.474702 4692.000000 140.000000 4693.000000 110.000000
62511447 4692.676902 4692.000000 180.000000 4693.000000 50.000000
62526030 4692.418638 4692.000000 90.000000 4693.000000 130.000000
62535875 4691.470958 4691.000000 220.000000 4692.000000 200.000000
62536919 4692.209052 4692.000000 10.000000 4693.000000 150.000000
62544988 4691.785960 4691.000000 250.000000 4692.000000 10.000000
62546532 4692.035256 4691.000000 250.000000 4693.000000 140.000000
62561810 4692.326700 4692.000000 30.000000 4693.000000 120.000000
62562317 4692.037162 4691.000000 240.000000 4693.000000 130.000000
62575095 4692.395038 4692.000000 50.000000 4693.000000 120.000000
62575780 4692.656250 4692.000000 150.000000 4693.000000 50.000000
62587521 4693.543002 4693.000000 40.000000 4694.000000 30.000000
62594495 4693.399600 4693.000000 40.000000 4694.000000 60.000000
62610854 4692.607846 4692.000000 110.000000 4693.000000 50.000000
62617349 4692.427710 4692.000000 120.000000 4693.000000 150.000000
62629806 4691.633874 4691.000000 230.000000 4692.000000 90.000000
62634603 4692.626064 4692.000000 140.000000 4693.000000 100.000000
62640726 4692.248002 4692.000000 20.000000 4693.000000 160.000000
62656013 4691.588200 4691.000000 210.000000 4692.000000 90.000000
62701772 4691.363236 4691.000000 100.000000 4692.000000 150.000000
62708607 4690.813444 4690.000000 1140.000000 4691.000000 10.000000
62710198 4691.093046 4690.000000 1160.000000 4692.000000 170.000000
62727073 4689.365898 4689.000000 100.000000 4690.000000 180.000000
62738473 4688.388858 4688.000000 40.000000 4689.000000 110.000000
62745027 4687.738296 4687.000000 270.000000 4688.000000 50.000000
62748192 4688.635246 4688.000000 170.000000 4689.000000 70.000000
62752051 4689.383522 4689.000000 60.000000 4690.000000 180.000000
62754148 4688.986112 4688.000000 160.000000 4690.000000 200.000000
62759643 4688.533402 4688.000000 50.000000 4689.000000 40.000000
62760150 4688.958334 4688.000000 50.000000 4690.000000 100.000000
62762784 4689.267570 4689.000000 20.000000 4690.000000 90.000000
62764395 4688.986112 4688.000000 80.000000 4690.000000 100.000000
62782131 4689.243142 4689.000000 10.000000 4690.000000 80.000000
62803648 4688.487582 4688.000000 70.000000 4689.000000 110.000000
62817497 4687.731858 4687.000000 230.000000 4688.000000 20.000000
62836521 4686.414768 4686.000000 210.000000 4687.000000 230.000000
62844301 4686.662662 4686.000000 230.000000 4687.000000 30.000000
62845514 4687.011364 4686.000000 240.000000 4688.000000 200.000000
62846569 4687.209874 4687.000000 10.000000 4688.000000 200.000000
62847072 4687.418458 4687.000000 220.000000 4688.000000 200.000000
62892026 4687.742636 4687.000000 260.000000 4688.000000 40.000000
62897935 4688.410038 4688.000000 50.000000 4689.000000 120.000000
62899153 4688.037500 4687.000000 260.000000 4689.000000 140.000000
62903710 4687.770602 4687.000000 240.000000 4688.000000 10.000000
62924939 4687.399034 4687.000000 160.000000 4688.000000 150.000000
62949836 4686.398798 4686.000000 200.000000 4687.000000 170.000000
62952569 4685.399910 4685.000000 210.000000 4686.000000 150.000000
62954753 4684.527824 4684.000000 220.000000 4685.000000 70.000000
62955287 4684.307200 4684.000000 70.000000 4685.000000 290.000000
62955794 4683.523018 4683.000000 180.000000 4684.000000 170.000000
62956873 4684.456998 4684.000000 30.000000 4685.000000 40.000000
62966322 4683.311088 4683.000000 30.000000 4684.000000 230.000000
62966851 4682.946428 4682.000000 100.000000 4684.000000 250.000000
62970806 4682.544638 4682.000000 70.000000 4683.000000 60.000000
62976643 4682.953572 4682.000000 110.000000 4684.000000 240.000000
62983671 4682.544638 4682.000000 70.000000 4683.000000 60.000000
62989724 4681.654660 4681.000000 100.000000 4682.000000 30.000000
62992824 4682.416266 4682.000000 40.000000 4683.000000 60.000000
62997359 4682.961066 4682.000000 210.000000 4684.000000 400.000000
63008424 4683.398802 4683.000000 60.000000 4684.000000 190.000000
63032105 4683.638422 4683.000000 270.000000 4684.000000 120.000000
63035888 4683.224782 4683.000000 100.000000 4684.000000 1170.000000
63039907 4683.421144 4683.000000 80.000000 4684.000000 140.000000
63072477 4683.671216 4683.000000 140.000000 4684.000000 80.000000
63077436 4684.315550 4684.000000 30.000000 4685.000000 70.000000
63079522 4684.756858 4684.000000 80.000000 4685.000000 10.000000
63081253 4684.982142 4684.000000 90.000000 4686.000000 120.000000
63090651 4685.277252 4685.000000 20.000000 4686.000000 130.000000
63091733 4684.950000 4684.000000 60.000000 4686.000000 140.000000
63092234 4684.431482 4684.000000 30.000000 4685.000000 60.000000
63095908 4684.234230 4684.000000 10.000000 4685.000000 100.000000
63134159 4683.427254 4683.000000 110.000000 4684.000000 120.000000
63134769 4683.000000 4682.000000 100.000000 4684.000000 100.000000
63137652 4682.205664 4682.000000 10.000000 4683.000000 950.000000
63152131 4681.909090 4681.000000 150.000000 4683.000000 950.000000
63157531 4681.398148 4681.000000 50.000000 4682.000000 100.000000
63160103 4680.630336 4680.000000 540.000000 4681.000000 380.000000
63174446 4681.619512 4681.000000 110.000000 4682.000000 50.000000
63184627 4680.619552 4680.000000 530.000000 4681.000000 420.000000
63200539 4679.428770 4679.000000 160.000000 4680.000000 500.000000
63208885 4678.794680 4678.000000 760.000000 4679.000000 70.000000
63212219 4679.029136 4678.000000 820.000000 4680.000000 510.000000
63218595 4678.784984 4678.000000 810.000000 4679.000000 100.000000
63226792 4679.976974 4679.000000 310.000000 4681.000000 450.000000
63249160 4680.746106 4680.000000 480.000000 4681.000000 90.000000
63249661 4681.078390 4680.000000 480.000000 4682.000000 110.000000
63257854 4681.604922 4681.000000 210.000000 4682.000000 100.000000
63258355 4681.915146 4681.000000 220.000000 4683.000000 1150.000000
63262337 4682.264184 4682.000000 50.000000 4683.000000 1140.000000
63262839 4681.916666 4681.000000 230.000000 4683.000000 1150.000000
63317082 4682.501766 4682.000000 300.000000 4683.000000 790.000000
63331275 4681.777008 4681.000000 610.000000 4682.000000 80.000000
63335545 4681.990854 4681.000000 570.000000 4683.000000 660.000000
63348592 4682.542534 4682.000000 150.000000 4683.000000 600.000000
63356702 4683.547728 4683.000000 140.000000 4684.000000 140.000000
63467274 4684.616972 4684.000000 180.000000 4685.000000 260.000000
63480354 4685.492796 4685.000000 100.000000 4686.000000 130.000000
63482448 4685.961206 4685.000000 100.000000 4687.000000 190.000000
63485714 4686.356250 4686.000000 30.000000 4687.000000 90.000000
63488475 4685.987500 4685.000000 90.000000 4687.000000 110.000000
63488978 4686.243150 4686.000000 10.000000 4687.000000 90.000000
63489555 4685.765600 4685.000000 90.000000 4686.000000 10.000000
63502086 4686.041666 4685.000000 180.000000 4687.000000 90.000000
63505708 4685.633448 4685.000000 100.000000 4686.000000 30.000000
63509398 4685.438348 4685.000000 80.000000 4686.000000 70.000000
63512551 4686.027174 4685.000000 140.000000 4687.000000 90.000000
63521332 4686.573596 4686.000000 130.000000 4687.000000 40.000000
63539342 4686.996794 4686.000000 190.000000 4688.000000 200.000000
63540348 4686.708248 4686.000000 160.000000 4687.000000 20.000000
63559187 4685.473970 4685.000000 90.000000 4686.000000 100.000000
63559703 4685.252504 4685.000000 20.000000 4686.000000 130.000000
63579566 4684.631514 4684.000000 80.000000 4685.000000 30.000000
63580067 4684.982142 4684.000000 120.000000 4686.000000 160.000000
63582171 4684.776284 4684.000000 110.000000 4685.000000 10.000000
63589087 4684.991072 4684.000000 130.000000 4686.000000 150.000000
63592110 4685.219118 4685.000000 10.000000 4686.000000 140.000000
63614043 4684.509806 4684.000000 60.000000 4685.000000 70.000000
63614555 4683.802514 4683.000000 330.000000 4684.000000 10.000000
63628584 4684.601852 4684.000000 60.000000 4685.000000 30.000000
63631101 4684.324760 4684.000000 20.000000 4685.000000 70.000000
63639864 4683.727332 4683.000000 330.000000 4684.000000 30.000000
63646010 4684.072674 4683.000000 340.000000 4685.000000 90.000000
63651219 4684.500000 4684.000000 40.000000 4685.000000 40.000000
63660765 4685.029762 4684.000000 260.000000 4686.000000 160.000000
63669162 4685.544338 4685.000000 180.000000 4686.000000 110.000000
63670168 4686.700352 4686.000000 110.000000 4687.000000 20.000000
63671723 4685.749768 4685.000000 110.000000 4686.000000 10.000000
63673901 4686.025000 4685.000000 120.000000 4687.000000 80.000000
63674410 4686.243142 4686.000000 10.000000 4687.000000 80.000000
63675511 4686.034090 4685.000000 140.000000 4687.000000 80.000000
63679937 4686.358940 4686.000000 30.000000 4687.000000 80.000000
63682520 4686.951086 4686.000000 70.000000 4688.000000 160.000000
63729754 4685.559464 4685.000000 130.000000 4686.000000 410.000000
63732489 4686.733830 4686.000000 250.000000 4687.000000 30.000000
63734026 4686.992188 4686.000000 150.000000 4688.000000 170.000000
63738768 4687.277052 4687.000000 20.000000 4688.000000 150.000000
63740799 4687.539652 4687.000000 430.000000 4688.000000 130.000000
63742421 4687.654040 4687.000000 430.000000 4688.000000 90.000000
63749628 4687.277052 4687.000000 20.000000 4688.000000 150.000000
63752206 4686.778982 4686.000000 150.000000 4687.000000 10.000000
63772198 4687.480556 4687.000000 120.000000 4688.000000 120.000000
63773725 4686.794784 4686.000000 190.000000 4687.000000 10.000000
63783099 4687.561350 4687.000000 100.000000 4688.000000 110.000000
63790025 4688.574918 4688.000000 170.000000 4689.000000 90.000000
63791103 4689.305610 4689.000000 40.000000 4690.000000 280.000000
63811389 4688.484114 4688.000000 190.000000 4689.000000 140.000000
63827099 4687.319886 4687.000000 30.000000 4688.000000 90.000000
63860078 4686.659738 4686.000000 180.000000 4687.000000 40.000000
63861101 4687.278088 4687.000000 20.000000 4688.000000 80.000000
63868076 4686.792132 4686.000000 190.000000 4687.000000 10.000000
63872157 4687.050000 4686.000000 210.000000 4688.000000 90.000000
63877605 4687.732508 4687.000000 60.000000 4688.000000 10.000000
63880025 4688.071722 4687.000000 480.000000 4689.000000 130.000000
63880532 4688.310348 4688.000000 20.000000 4689.000000 90.000000
63893888 4687.349242 4687.000000 30.000000 4688.000000 110.000000
63896991 4686.662698 4686.000000 190.000000 4687.000000 40.000000
63898006 4687.017858 4686.000000 200.000000 4688.000000 150.000000
63900606 4686.746324 4686.000000 200.000000 4687.000000 20.000000
63902218 4687.022058 4686.000000 200.000000 4688.000000 140.000000
63915979 4686.673148 4686.000000 200.000000 4687.000000 40.000000
63919103 4687.518518 4687.000000 80.000000 4688.000000 40.000000
63919624 4687.742210 4687.000000 500.000000 4688.000000 20.000000
63935416 4687.716720 4687.000000 520.000000 4688.000000 30.000000
63938604 4688.009616 4687.000000 140.000000 4689.000000 120.000000
63992918 4687.525804 4687.000000 160.000000 4688.000000 90.000000
64009424 4687.803854 4687.000000 220.000000 4688.000000 10.000000
64010462 4688.421482 4688.000000 40.000000 4689.000000 80.000000
64073137 4687.645008 4687.000000 200.000000 4688.000000 80.000000
64074180 4688.354886 4688.000000 30.000000 4689.000000 100.000000
64077663 4687.794784 4687.000000 190.000000 4688.000000 10.000000
64090326 4688.693180 4688.000000 240.000000 4689.000000 50.000000
64126321 4688.733876 4688.000000 120.000000 4689.000000 30.000000
64126839 4688.946428 4688.000000 120.000000 4690.000000 300.000000
64140727 4688.755584 4688.000000 120.000000 4689.000000 20.000000
64142303 4688.956396 4688.000000 140.000000 4690.000000 290.000000
64144478 4689.445240 4689.000000 140.000000 4690.000000 260.000000
64148953 4690.490192 4690.000000 200.000000 4691.000000 290.000000
64150602 4691.461910 4691.000000 140.000000 4692.000000 120.000000
64152640 4690.618278 4690.000000 130.000000 4691.000000 50.000000
64153720 4690.985294 4690.000000 150.000000 4692.000000 190.000000
64174192 4690.323458 4690.000000 30.000000 4691.000000 160.000000
64176383 4690.003572 4689.000000 180.000000 4691.000000 170.000000
64198738 4689.767872 4689.000000 150.000000 4690.000000 10.000000
64202796 4690.338902 4690.000000 90.000000 4691.000000 160.000000
64214070 4690.775892 4690.000000 160.000000 4691.000000 10.000000
64252883 4691.513462 4691.000000 90.000000 4692.000000 90.000000
64270928 4691.023438 4690.000000 190.000000 4692.000000 130.000000
64326719 4690.413340 4690.000000 70.000000 4691.000000 110.000000
64331059 4689.406232 4689.000000 130.000000 4690.000000 190.000000
64384895 4688.630468 4688.000000 90.000000 4689.000000 40.000000
64385918 4688.011364 4687.000000 120.000000 4689.000000 100.000000
64388397 4687.772172 4687.000000 120.000000 4688.000000 10.000000
64390659 4688.011364 4687.000000 120.000000 4689.000000 100.000000
64391679 4688.238288 4688.000000 10.000000 4689.000000 90.000000
64402620 4688.005434 4687.000000 120.000000 4689.000000 110.000000
64407470 4688.433004 4688.000000 110.000000 4689.000000 90.000000
64426261 4689.208798 4689.000000 10.000000 4690.000000 210.000000
64434180 4688.990384 4688.000000 180.000000 4690.000000 210.000000
64436360 4689.208798 4689.000000 10.000000 4690.000000 210.000000
64440365 4688.990384 4688.000000 180.000000 4690.000000 210.000000
64499860 4689.633698 4689.000000 100.000000 4690.000000 70.000000
64500372 4691.072368 4690.000000 600.000000 4692.000000 160.000000
64507724 4691.444320 4691.000000 70.000000 4692.000000 120.000000
64510356 4691.945512 4691.000000 110.000000 4693.000000 280.000000
64516429 4692.285858 4692.000000 90.000000 4693.000000 280.000000
64522604 4691.960366 4691.000000 140.000000 4693.000000 270.000000
64619322 4691.544338 4691.000000 180.000000 4692.000000 110.000000
64632621 4690.586484 4690.000000 570.000000 4691.000000 80.000000
64634776 4689.381482 4689.000000 60.000000 4690.000000 120.000000
64679247 4688.419706 4688.000000 130.000000 4689.000000 160.000000
64681362 4687.356800 4687.000000 70.000000 4688.000000 170.000000
64690350 4686.469118 4686.000000 190.000000 4687.000000 190.000000
64728042 4685.466696 4685.000000 130.000000 4686.000000 110.000000
64731648 4686.402778 4686.000000 70.000000 4687.000000 70.000000
64737389 4685.502954 4685.000000 130.000000 4686.000000 100.000000
64742071 4685.664428 4685.000000 140.000000 4686.000000 30.000000
64756312 4685.054488 4684.000000 280.000000 4686.000000 110.000000
64758918 4684.520154 4684.000000 210.000000 4685.000000 80.000000
64766752 4683.371012 4683.000000 150.000000 4684.000000 220.000000
64792349 4682.703148 4682.000000 150.000000 4683.000000 30.000000
64794576 4681.681620 4681.000000 340.000000 4682.000000 40.000000
64798768 4682.398148 4682.000000 40.000000 4683.000000 80.000000
64799287 4682.082446 4681.000000 390.000000 4683.000000 80.000000
64803477 4682.408936 4682.000000 50.000000 4683.000000 70.000000
64804005 4682.627084 4682.000000 60.000000 4683.000000 20.000000
64807232 4681.468898 4681.000000 300.000000 4682.000000 230.000000
64808831 4680.496790 4680.000000 390.000000 4681.000000 560.000000
64818862 4679.489554 4679.000000 110.000000 4680.000000 130.000000
64820987 4680.653018 4680.000000 70.000000 4681.000000 20.000000
64841395 4679.388614 4679.000000 40.000000 4680.000000 260.000000
64842939 4679.052184 4678.000000 730.000000 4680.000000 300.000000
64846018 4678.773672 4678.000000 720.000000 4679.000000 30.000000
64846594 4679.051470 4678.000000 720.000000 4680.000000 300.000000
64850438 4679.350918 4679.000000 30.000000 4680.000000 260.000000
64857619 4679.614638 4679.000000 280.000000 4680.000000 240.000000
64858695 4679.354064 4679.000000 50.000000 4680.000000 270.000000
64867879 4679.720602 4679.000000 110.000000 4680.000000 10.000000
64868912 4680.000000 4679.000000 130.000000 4681.000000 130.000000
64869961 4680.287492 4680.000000 20.000000 4681.000000 120.000000
64906747 4679.520180 4679.000000 210.000000 4680.000000 290.000000
64909891 4678.818820 4678.000000 680.000000 4679.000000 10.000000
64910468 4679.041666 4678.000000 680.000000 4680.000000 340.000000
64912577 4678.766036 4678.000000 680.000000 4679.000000 30.000000
64917248 4677.641070 4677.000000 460.000000 4678.000000 70.000000
64920966 4678.059782 4677.000000 510.000000 4679.000000 180.000000
64923517 4677.693330 4677.000000 460.000000 4678.000000 110.000000
64936938 4678.205696 4678.000000 10.000000 4679.000000 170.000000
64937954 4677.553018 4677.000000 140.000000 4678.000000 40.000000
64952625 4678.722822 4678.000000 270.000000 4679.000000 30.000000
64962708 4679.318072 4679.000000 60.000000 4680.000000 280.000000
65006142 4678.453068 4678.000000 240.000000 4679.000000 200.000000
65007160 4677.607508 4677.000000 240.000000 4678.000000 40.000000
65018148 4678.337302 4678.000000 40.000000 4679.000000 190.000000
65025305 4677.523228 4677.000000 80.000000 4678.000000 140.000000
65027443 4677.066326 4676.000000 750.000000 4678.000000 230.000000
65028479 4676.751176 4676.000000 740.000000 4677.000000 100.000000
65034608 4677.072368 4676.000000 750.000000 4678.000000 200.000000
65039786 4676.670582 4676.000000 650.000000 4677.000000 70.000000
65047327 4675.682804 4675.000000 350.000000 4676.000000 40.000000
65052016 4674.587138 4674.000000 390.000000 4675.000000 170.000000
65094292 4673.609638 4673.000000 210.000000 4674.000000 180.000000
65104649 4674.550522 4674.000000 130.000000 4675.000000 170.000000
65105165 4674.212686 4674.000000 10.000000 4675.000000 210.000000
65108568 4674.002778 4673.000000 230.000000 4675.000000 220.000000
65111218 4674.585538 4674.000000 420.000000 4675.000000 160.000000
65124336 4675.714530 4675.000000 280.000000 4676.000000 30.000000
65134553 4676.030000 4675.000000 310.000000 4677.000000 190.000000
65153616 4676.596574 4676.000000 220.000000 4677.000000 70.000000
65154119 4677.027778 4676.000000 220.000000 4678.000000 140.000000
65176554 4677.326250 4677.000000 40.000000 4678.000000 120.000000
65206043 4677.665346 4677.000000 120.000000 4678.000000 30.000000
65234939 4677.722748 4677.000000 130.000000 4678.000000 20.000000
65328382 4678.312374 4678.000000 90.000000 4679.000000 280.000000
65330042 4677.415820 4677.000000 90.000000 4678.000000 350.000000
65331687 4676.978174 4676.000000 260.000000 4678.000000 370.000000
65341136 4676.627314 4676.000000 250.000000 4677.000000 50.000000
65342670 4675.607872 4675.000000 110.000000 4676.000000 70.000000
65343171 4676.660638 4676.000000 110.000000 4677.000000 40.000000
65343708 4676.930000 4676.000000 110.000000 4678.000000 390.000000
65353036 4676.778630 4676.000000 130.000000 4677.000000 10.000000
65392516 4677.343750 4677.000000 20.000000 4678.000000 60.000000
65461497 4677.610826 4677.000000 140.000000 4678.000000 70.000000
65466406 4678.638806 4678.000000 120.000000 4679.000000 70.000000
65480554 4679.533584 4679.000000 100.000000 4680.000000 130.000000
65481064 4680.578348 4680.000000 80.000000 4681.000000 70.000000
65484163 4680.411254 4680.000000 110.000000 4681.000000 320.000000
65485934 4679.717184 4679.000000 290.000000 4680.000000 50.000000
65491244 4680.525400 4680.000000 150.000000 4681.000000 100.000000
65493853 4681.331852 4681.000000 40.000000 4682.000000 200.000000
65494866 4681.769658 4681.000000 100.000000 4682.000000 10.000000
65495415 4681.979166 4681.000000 100.000000 4683.000000 140.000000
65500099 4682.366586 4682.000000 40.000000 4683.000000 110.000000
65502199 4683.407386 4683.000000 110.000000 4684.000000 190.000000
65504317 4684.671014 4684.000000 850.000000 4685.000000 100.000000
65506676 4685.405770 4685.000000 150.000000 4686.000000 150.000000
65509832 4685.647576 4685.000000 170.000000 4686.000000 40.000000
65531938 4684.702012 4684.000000 250.000000 4685.000000 30.000000
65534608 4683.488958 4683.000000 100.000000 4684.000000 80.000000
65540354 4684.516196 4684.000000 130.000000 4685.000000 50.000000
65581283 4683.477332 4683.000000 170.000000 4684.000000 80.000000
65582902 4684.054688 4683.000000 230.000000 4685.000000 90.000000
65583403 4683.724174 4683.000000 60.000000 4684.000000 10.000000
65583927 4683.306250 4683.000000 20.000000 4684.000000 60.000000
65587185 4683.017858 4682.000000 120.000000 4684.000000 90.000000
65591888 4682.554550 4682.000000 70.000000 4683.000000 40.000000
65599463 4681.326700 4681.000000 20.000000 4682.000000 80.000000
65621119 4682.653724 4682.000000 190.000000 4683.000000 40.000000
65621661 4683.007352 4682.000000 90.000000 4684.000000 80.000000
65628587 4682.765600 4682.000000 90.000000 4683.000000 10.000000
65649833 4683.725748 4683.000000 160.000000 4684.000000 20.000000
65671739 4684.587794 4684.000000 80.000000 4685.000000 50.000000
65673306 4685.578422 4685.000000 110.000000 4686.000000 60.000000
65693826 4684.301114 4684.000000 20.000000 4685.000000 130.000000
65738086 4683.652072 4683.000000 150.000000 4684.000000 40.000000
65740359 4684.392154 4684.000000 50.000000 4685.000000 110.000000
65744610 4684.587500 4684.000000 90.000000 4685.000000 90.000000
65763246 4684.253906 4684.000000 20.000000 4685.000000 140.000000
65764380 4684.003788 4683.000000 170.000000 4685.000000 160.000000
65765575 4683.780752 4683.000000 160.000000 4684.000000 10.000000
65767214 4684.284668 4684.000000 30.000000 4685.000000 130.000000
65771087 4684.000000 4683.000000 160.000000 4685.000000 160.000000
65780092 4684.215358 4684.000000 10.000000 4685.000000 160.000000
65808806 4684.000000 4683.000000 180.000000 4685.000000 180.000000
65815233 4683.599524 4683.000000 140.000000 4684.000000 50.000000
65815774 4684.003788 4683.000000 170.000000 4685.000000 160.000000
65830274 4684.281818 4684.000000 40.000000 4685.000000 150.000000
65841897 4684.654882 4684.000000 120.000000 4685.000000 60.000000
65847232 4685.546970 4685.000000 100.000000 4686.000000 90.000000
65852720 4687.455438 4687.000000 240.000000 4688.000000 220.000000
65856893 4688.535106 4688.000000 210.000000 4689.000000 120.000000
65871593 4688.548958 4688.000000 100.000000 4689.000000 80.000000
65872608 4688.037500 4687.000000 260.000000 4689.000000 140.000000
65874183 4687.567438 4687.000000 230.000000 4688.000000 60.000000
65879732 4686.563664 4686.000000 150.000000 4687.000000 200.000000
65921216 4685.669878 4685.000000 130.000000 4686.000000 30.000000
65944524 4686.362718 4686.000000 100.000000 4687.000000 270.000000
66021873 4685.927632 4685.000000 120.000000 4687.000000 450.000000
66082082 4686.385876 4686.000000 70.000000 4687.000000 380.000000
66086977 4685.462540 4685.000000 80.000000 4686.000000 180.000000
66108526 4684.494720 4684.000000 140.000000 4685.000000 80.000000
66119340 4685.320370 4685.000000 100.000000 4686.000000 200.000000
66119841 4684.736964 4684.000000 180.000000 4685.000000 20.000000
66123574 4684.472104 4684.000000 130.000000 4685.000000 80.000000
66142194 4685.571550 4685.000000 210.000000 4686.000000 170.000000
66145426 4685.011364 4684.000000 240.000000 4686.000000 200.000000
66161192 4685.379650 4685.000000 50.000000 4686.000000 220.000000
66233058 4684.666080 4684.000000 280.000000 4685.000000 210.000000
66235844 4684.330282 4684.000000 40.000000 4685.000000 260.000000
66236353 4684.546300 4684.000000 80.000000 4685.000000 180.000000
66239384 4685.554278 4685.000000 140.000000 4686.000000 180.000000
66334736 4684.316882 4684.000000 110.000000 4685.000000 420.000000
66343308 4685.472392 4685.000000 70.000000 4686.000000 190.000000
66378479 4684.645208 4684.000000 150.000000 4685.000000 120.000000
66395434 4685.467968 4685.000000 120.000000 4686.000000 200.000000
66459549 4685.294190 4685.000000 40.000000 4686.000000 270.000000
66467447 4686.409668 4686.000000 60.000000 4687.000000 260.000000
66486919 4686.535386 4686.000000 190.000000 4687.000000 240.000000
66494995 4687.560400 4687.000000 60.000000 4688.000000 40.000000
66525230 4687.592206 4687.000000 170.000000 4688.000000 50.000000
66530778 4688.039062 4687.000000 210.000000 4689.000000 110.000000
66532883 4688.345340 4688.000000 30.000000 4689.000000 100.000000
66550649 4688.033334 4687.000000 190.000000 4689.000000 110.000000
66571983 4688.234230 4688.000000 10.000000 4689.000000 100.000000
66626976 4687.441372 4687.000000 50.000000 4688.000000 80.000000
66632725 4688.722822 4688.000000 180.000000 4689.000000 20.000000
66635795 4688.494866 4688.000000 140.000000 4689.000000 60.000000
66644087 4687.390994 4687.000000 50.000000 4688.000000 80.000000
66683775 4686.569846 4686.000000 80.000000 4687.000000 50.000000
66685864 4686.343750 4686.000000 20.000000 4687.000000 60.000000
66691462 4686.703794 4686.000000 90.000000 4687.000000 20.000000
66698605 4687.668258 4687.000000 110.000000 4688.000000 30.000000
66708579 4688.223716 4688.000000 10.000000 4689.000000 110.000000
66729925 4687.225878 4687.000000 10.000000 4688.000000 150.000000
66750693 4686.568792 4686.000000 70.000000 4687.000000 50.000000
66763864 4687.240602 4687.000000 20.000000 4688.000000 170.000000
66764367 4686.961538 4686.000000 90.000000 4688.000000 170.000000
66766429 4687.240602 4687.000000 20.000000 4688.000000 170.000000
66773360 4687.216232 4687.000000 10.000000 4688.000000 180.000000
66777277 4686.966666 4686.000000 110.000000 4688.000000 190.000000
66779452 4686.548732 4686.000000 80.000000 4687.000000 70.000000
66779968 4685.685800 4685.000000 160.000000 4686.000000 40.000000
66787069 4686.003788 4685.000000 170.000000 4687.000000 160.000000
66789613 4685.794304 4685.000000 170.000000 4686.000000 10.000000
66790384 4686.000000 4685.000000 160.000000 4687.000000 160.000000
66793548 4685.741902 4685.000000 160.000000 4686.000000 20.000000
66795101 4686.000000 4685.000000 160.000000 4687.000000 160.000000
66826495 4685.790476 4685.000000 160.000000 4686.000000 10.000000
66827107 4686.004032 4685.000000 160.000000 4687.000000 150.000000
66837817 4685.698148 4685.000000 150.000000 4686.000000 30.000000
66945757 4686.548180 4686.000000 280.000000 4687.000000 130.000000
66995075 4687.390718 4687.000000 110.000000 4688.000000 190.000000
67001322 4686.490532 4686.000000 190.000000 4687.000000 110.000000
67003962 4687.261426 4687.000000 40.000000 4688.000000 190.000000
67004985 4687.011904 4686.000000 230.000000 4688.000000 190.000000
67014610 4687.381250 4687.000000 60.000000 4688.000000 180.000000
67039370 4686.696966 4686.000000 400.000000 4687.000000 40.000000
67067035 4687.363942 4687.000000 60.000000 4688.000000 180.000000
67077123 4688.376936 4688.000000 40.000000 4689.000000 80.000000
67091469 4688.631514 4688.000000 80.000000 4689.000000 30.000000
67093752 4689.401042 4689.000000 110.000000 4690.000000 150.000000
67118466 4688.690800 4688.000000 80.000000 4689.000000 20.000000
67121738 4688.964286 4688.000000 100.000000 4690.000000 180.000000
67122253 4688.772840 4688.000000 100.000000 4689.000000 10.000000
67129923 4688.964286 4688.000000 100.000000 4690.000000 180.000000
67133112 4689.495360 4689.000000 70.000000 4690.000000 120.000000
67205003 4690.361250 4690.000000 60.000000 4691.000000 180.000000
67220723 4689.659112 4689.000000 260.000000 4690.000000 40.000000
67222900 4690.568728 4690.000000 410.000000 4691.000000 170.000000
67229439 4691.254626 4691.000000 40.000000 4692.000000 390.000000
67229980 4690.974264 4690.000000 270.000000 4692.000000 410.000000
67240942 4690.435958 4690.000000 220.000000 4691.000000 200.000000
67252846 4689.349242 4689.000000 30.000000 4690.000000 110.000000
67263546 4688.567308 4688.000000 90.000000 4689.000000 90.000000
67277795 4689.316530 4689.000000 100.000000 4690.000000 190.000000
67280462 4688.304630 4688.000000 20.000000 4689.000000 100.000000
67280973 4687.643750 4687.000000 120.000000 4688.000000 40.000000
67286558 4687.408936 4687.000000 50.000000 4688.000000 70.000000
67305718 4688.538804 4688.000000 70.000000 4689.000000 60.000000
67306270 4689.385836 4689.000000 160.000000 4690.000000 220.000000
67307787 4688.500000 4688.000000 50.000000 4689.000000 50.000000
67313736 4688.568896 4688.000000 70.000000 4689.000000 110.000000
67319786 4688.937500 4688.000000 90.000000 4690.000000 270.000000
67320322 4689.254386 4689.000000 40.000000 4690.000000 250.000000
67320827 4688.932142 4688.000000 80.000000 4690.000000 270.000000
67332825 4688.623200 4688.000000 70.000000 4689.000000 30.000000
67374273 4687.504288 4687.000000 90.000000 4688.000000 160.000000
67374791 4687.039894 4686.000000 310.000000 4688.000000 160.000000
67386088 4686.286148 4686.000000 60.000000 4687.000000 370.000000
67439815 4685.519934 4685.000000 110.000000 4686.000000 80.000000
67453848 4686.477422 4686.000000 150.000000 4687.000000 320.000000
67503809 4685.463120 4685.000000 50.000000 4686.000000 90.000000
67511577 4685.045732 4684.000000 280.000000 4686.000000 130.000000
67520459 4684.750456 4684.000000 330.000000 4685.000000 20.000000
67520965 4685.055000 4684.000000 360.000000 4686.000000 140.000000
67525960 4685.416266 4685.000000 40.000000 4686.000000 60.000000
67528696 4685.643750 4685.000000 60.000000 4686.000000 20.000000
67536040 4685.416266 4685.000000 40.000000 4686.000000 60.000000
67538121 4685.937500 4685.000000 120.000000 4687.000000 360.000000
67538623 4686.214824 4686.000000 10.000000 4687.000000 350.000000
67539151 4685.936224 4685.000000 120.000000 4687.000000 370.000000
67555667 4685.719796 4685.000000 110.000000 4686.000000 20.000000
67567642 4685.522328 4685.000000 80.000000 4686.000000 120.000000
67571268 4685.032608 4684.000000 290.000000 4686.000000 170.000000
67626028 4684.659266 4684.000000 230.000000 4685.000000 50.000000
67626628 4682.455720 4682.000000 130.000000 4683.000000 90.000000
67627130 4682.996212 4682.000000 160.000000 4684.000000 170.000000
67637652 4682.643750 4682.000000 90.000000 4683.000000 30.000000
67639231 4682.006578 4681.000000 100.000000 4683.000000 90.000000
67639732 4681.623200 4681.000000 70.000000 4682.000000 30.000000
67640804 4681.991666 4681.000000 70.000000 4683.000000 80.000000
67645810 4682.760908 4682.000000 100.000000 4683.000000 10.000000
67646875 4682.971154 4682.000000 100.000000 4684.000000 160.000000
67650514 4682.729398 4682.000000 100.000000 4683.000000 20.000000
67667223 4682.359300 4682.000000 30.000000 4683.000000 70.000000
67678242 4681.414078 4681.000000 40.000000 4682.000000 90.000000
67722779 4680.760678 4680.000000 140.000000 4681.000000 20.000000
67726069 4681.230788 4681.000000 10.000000 4682.000000 110.000000
67754380 4680.695616 4680.000000 320.000000 4681.000000 90.000000
67796397 4681.511042 4681.000000 40.000000 4682.000000 50.000000
67800102 4681.256870 4681.000000 20.000000 4682.000000 110.000000
67819155 4682.556324 4682.000000 90.000000 4683.000000 50.000000
67897933 4683.661398 4683.000000 270.000000 4684.000000 90.000000
67905707 4684.684562 4684.000000 130.000000 4685.000000 30.000000
67908616 4684.052632 4683.000000 270.000000 4685.000000 110.000000
67909122 4683.794304 4683.000000 170.000000 4684.000000 10.000000
67926608 4683.466978 4683.000000 90.000000 4684.000000 80.000000
67929240 4683.784064 4683.000000 140.000000 4684.000000 10.000000
67934560 4684.004630 4683.000000 140.000000 4685.000000 130.000000
67958908 4683.712508 4683.000000 120.000000 4684.000000 20.000000
67981605 4683.368486 4683.000000 30.000000 4684.000000 80.000000
67982114 4682.972222 4682.000000 70.000000 4684.000000 110.000000
67983131 4682.756858 4682.000000 80.000000 4683.000000 10.000000
67998454 4682.362250 4682.000000 50.000000 4683.000000 100.000000
68050670 4683.672992 4683.000000 180.000000 4684.000000 100.000000
68054535 4684.615840 4684.000000 100.000000 4685.000000 40.000000
68081066 4685.329608 4685.000000 40.000000 4686.000000 190.000000
68081570 4685.889084 4685.000000 40.000000 4687.000000 670.000000
68085402 4686.192846 4686.000000 10.000000 4687.000000 680.000000
68091384 4685.906646 4685.000000 100.000000 4687.000000 690.000000
68094898 4686.192846 4686.000000 10.000000 4687.000000 680.000000
68104867 4685.756858 4685.000000 80.000000 4686.000000 10.000000
68110091 4684.601852 4684.000000 60.000000 4685.000000 30.000000
68130113 4685.425804 4685.000000 50.000000 4686.000000 230.000000
68133407 4686.483936 4686.000000 130.000000 4687.000000 620.000000
68144519 4685.585612 4685.000000 170.000000 4686.000000 110.000000
68156617 4685.375588 4685.000000 110.000000 4686.000000 150.000000
68190038 4685.372440 4685.000000 130.000000 4686.000000 270.000000
68217591 4684.455624 4684.000000 150.000000 4685.000000 120.000000
68281510 4683.621768 4683.000000 630.000000 4684.000000 180.000000
68282634 4684.079546 4683.000000 630.000000 4685.000000 140.000000
68297454 4684.775468 4684.000000 630.000000 4685.000000 40.000000
68303430 4685.425810 4685.000000 70.000000 4686.000000 120.000000
