48272771 4743.416590 4743.000000 270.000000 4744.000000 1650.000000
48273309 4743.425306 4743.000000 270.000000 4744.000000 1390.000000
48273815 4743.425306 4743.000000 270.000000 4744.000000 1390.000000
48274329 4743.425306 4743.000000 270.000000 4744.000000 1390.000000
48274831 4743.425306 4743.000000 270.000000 4744.000000 1390.000000
48275348 4743.425306 4743.000000 270.000000 4744.000000 1390.000000
48275851 4743.425306 4743.000000 270.000000 4744.000000 1390.000000
48276366 4743.425306 4743.000000 270.000000 4744.000000 1390.000000
48276915 4743.425306 4743.000000 270.000000 4744.000000 1390.000000
48277459 4743.411596 4743.000000 270.000000 4744.000000 1400.000000
48278053 4743.411596 4743.000000 270.000000 4744.000000 1400.000000
48278575 4743.411596 4743.000000 270.000000 4744.000000 1400.000000
48279104 4743.395682 4743.000000 270.000000 4744.000000 1520.000000
48279637 4743.366840 4743.000000 250.000000 4744.000000 1520.000000
48280161 4743.366840 4743.000000 250.000000 4744.000000 1520.000000
48280767 4743.366840 4743.000000 250.000000 4744.000000 1520.000000
48281359 4743.397878 4743.000000 350.000000 4744.000000 1520.000000
48281878 4743.397878 4743.000000 350.000000 4744.000000 1520.000000
48282382 4743.397878 4743.000000 350.000000 4744.000000 1520.000000
48282928 4743.397878 4743.000000 350.000000 4744.000000 1520.000000
48283459 4743.397878 4743.000000 350.000000 4744.000000 1520.000000
48283997 4743.397878 4743.000000 350.000000 4744.000000 1520.000000
48284517 4743.397878 4743.000000 350.000000 4744.000000 1520.000000
48285021 4743.397878 4743.000000 350.000000 4744.000000 1520.000000
48285598 4743.397878 4743.000000 350.000000 4744.000000 1520.000000
48286226 4743.397878 4743.000000 350.000000 4744.000000 1520.000000
48286763 4743.397878 4743.000000 350.000000 4744.000000 1520.000000
48287274 4743.397878 4743.000000 350.000000 4744.000000 1520.000000
48287779 4743.411126 4743.000000 360.000000 4744.000000 1520.000000
48288284 4743.411126 4743.000000 360.000000 4744.000000 1520.000000
48288785 4743.411126 4743.000000 360.000000 4744.000000 1520.000000
48289370 4743.397878 4743.000000 350.000000 4744.000000 1520.000000
48290054 4743.397878 4743.000000 350.000000 4744.000000 1520.000000
48290574 4743.397878 4743.000000 350.000000 4744.000000 1520.000000
48291085 4743.397878 4743.000000 350.000000 4744.000000 1520.000000
48291595 4743.397878 4743.000000 350.000000 4744.000000 1520.000000
48292274 4743.445444 4743.000000 540.000000 4744.000000 1520.000000
48292829 4743.445444 4743.000000 540.000000 4744.000000 1520.000000
48293378 4743.445444 4743.000000 540.000000 4744.000000 1520.000000
48294045 4743.445444 4743.000000 540.000000 4744.000000 1520.000000
48294546 4743.457432 4743.000000 540.000000 4744.000000 1510.000000
48295130 4743.457432 4743.000000 540.000000 4744.000000 1510.000000
48295640 4743.457432 4743.000000 540.000000 4744.000000 1510.000000
48296184 4743.457432 4743.000000 540.000000 4744.000000 1510.000000
48296713 4743.457432 4743.000000 540.000000 4744.000000 1510.000000
48297236 4743.457432 4743.000000 540.000000 4744.000000 1510.000000
48297740 4743.457432 4743.000000 540.000000 4744.000000 1510.000000
48298264 4743.454596 4743.000000 540.000000 4744.000000 1520.000000
48298772 4743.465024 4743.000000 560.000000 4744.000000 1520.000000
48299370 4743.465024 4743.000000 560.000000 4744.000000 1520.000000
48299887 4743.465024 4743.000000 560.000000 4744.000000 1520.000000
48300416 4743.455724 4743.000000 550.000000 4744.000000 1520.000000
48300920 4743.465024 4743.000000 560.000000 4744.000000 1520.000000
48301464 4743.465024 4743.000000 560.000000 4744.000000 1520.000000
48301975 4743.465024 4743.000000 560.000000 4744.000000 1520.000000
48302529 4743.465024 4743.000000 560.000000 4744.000000 1520.000000
48303098 4743.465024 4743.000000 560.000000 4744.000000 1520.000000
48303600 4743.465432 4743.000000 560.000000 4744.000000 1510.000000
48304102 4743.465432 4743.000000 560.000000 4744.000000 1510.000000
48304604 4743.465432 4743.000000 560.000000 4744.000000 1510.000000
48305105 4743.454892 4743.000000 560.000000 4744.000000 1520.000000
48305668 4743.454892 4743.000000 560.000000 4744.000000 1520.000000
48306171 4743.454892 4743.000000 560.000000 4744.000000 1520.000000
48306672 4743.454892 4743.000000 560.000000 4744.000000 1520.000000
48307184 4744.215448 4744.000000 20.000000 4745.000000 670.000000
48307685 4744.249154 4744.000000 40.000000 4745.000000 670.000000
48308230 4744.249154 4744.000000 40.000000 4745.000000 670.000000
48308739 4744.242500 4744.000000 30.000000 4745.000000 670.000000
48309240 4744.294316 4744.000000 60.000000 4745.000000 670.000000
48309752 4744.308040 4744.000000 60.000000 4745.000000 670.000000
48310260 4744.288376 4744.000000 50.000000 4745.000000 670.000000
48310770 4744.261126 4744.000000 40.000000 4745.000000 680.000000
48311275 4744.261126 4744.000000 40.000000 4745.000000 680.000000
48311789 4744.288376 4744.000000 50.000000 4745.000000 670.000000
48312343 4744.288376 4744.000000 50.000000 4745.000000 670.000000
48312848 4744.288376 4744.000000 50.000000 4745.000000 670.000000
48313355 4744.288376 4744.000000 50.000000 4745.000000 670.000000
48313862 4744.288376 4744.000000 50.000000 4745.000000 670.000000
48314364 4744.288376 4744.000000 50.000000 4745.000000 670.000000
48314879 4744.383362 4744.000000 180.000000 4745.000000 670.000000
48315389 4744.405334 4744.000000 220.000000 4745.000000 670.000000
48315993 4744.405334 4744.000000 220.000000 4745.000000 670.000000
48316512 4744.405334 4744.000000 220.000000 4745.000000 670.000000
48317028 4744.405334 4744.000000 220.000000 4745.000000 670.000000
48317529 4744.405334 4744.000000 220.000000 4745.000000 670.000000
48318033 4744.405334 4744.000000 220.000000 4745.000000 670.000000
48318534 4744.405334 4744.000000 220.000000 4745.000000 670.000000
48319047 4744.437690 4744.000000 320.000000 4745.000000 670.000000
48319564 4744.446212 4744.000000 320.000000 4745.000000 660.000000
48320066 4744.446212 4744.000000 320.000000 4745.000000 660.000000
48320588 4744.446212 4744.000000 320.000000 4745.000000 660.000000
48321092 4744.446212 4744.000000 320.000000 4745.000000 660.000000
48321689 4744.422050 4744.000000 320.000000 4745.000000 770.000000
48322199 4744.429784 4744.000000 320.000000 4745.000000 760.000000
48322726 4744.438188 4744.000000 320.000000 4745.000000 750.000000
48323231 4744.438188 4744.000000 320.000000 4745.000000 750.000000
48323733 4744.438188 4744.000000 320.000000 4745.000000 750.000000
48324242 4744.438188 4744.000000 320.000000 4745.000000 750.000000
48324762 4744.438188 4744.000000 320.000000 4745.000000 750.000000
48325263 4744.438188 4744.000000 320.000000 4745.000000 750.000000
48325863 4744.438188 4744.000000 320.000000 4745.000000 750.000000
48326365 4744.438188 4744.000000 320.000000 4745.000000 750.000000
48326888 4743.698146 4743.000000 320.000000 4744.000000 50.000000
48327392 4744.243256 4744.000000 100.000000 4745.000000 730.000000
48327942 4743.952102 4743.000000 330.000000 4745.000000 740.000000
48328473 4744.291934 4744.000000 150.000000 4745.000000 730.000000
48328990 4744.291934 4744.000000 150.000000 4745.000000 730.000000
48329503 4744.291934 4744.000000 150.000000 4745.000000 730.000000
48330004 4744.291934 4744.000000 150.000000 4745.000000 730.000000
48330511 4744.291934 4744.000000 150.000000 4745.000000 730.000000
48331030 4743.735646 4743.000000 320.000000 4744.000000 50.000000
48331585 4743.735646 4743.000000 320.000000 4744.000000 50.000000
48332133 4743.735646 4743.000000 320.000000 4744.000000 50.000000
48332644 4743.735646 4743.000000 320.000000 4744.000000 50.000000
48333161 4743.735646 4743.000000 320.000000 4744.000000 50.000000
48333690 4743.735646 4743.000000 320.000000 4744.000000 50.000000
48334240 4743.735646 4743.000000 320.000000 4744.000000 50.000000
48334749 4743.952830 4743.000000 330.000000 4745.000000 730.000000
48335303 4743.952830 4743.000000 330.000000 4745.000000 730.000000
48335871 4743.952830 4743.000000 330.000000 4745.000000 730.000000
48336373 4743.952830 4743.000000 330.000000 4745.000000 730.000000
48336878 4743.952830 4743.000000 330.000000 4745.000000 730.000000
48337400 4743.960938 4743.000000 330.000000 4745.000000 630.000000
48337908 4743.960938 4743.000000 330.000000 4745.000000 630.000000
48338416 4743.960938 4743.000000 330.000000 4745.000000 630.000000
48338927 4743.960938 4743.000000 330.000000 4745.000000 630.000000
48339432 4743.960938 4743.000000 330.000000 4745.000000 630.000000
48339939 4743.960938 4743.000000 330.000000 4745.000000 630.000000
48340448 4743.960938 4743.000000 330.000000 4745.000000 630.000000
48341046 4743.960938 4743.000000 330.000000 4745.000000 630.000000
48341571 4743.960938 4743.000000 330.000000 4745.000000 630.000000
48342077 4743.960938 4743.000000 330.000000 4745.000000 630.000000
48342589 4743.960938 4743.000000 330.000000 4745.000000 630.000000
48343224 4743.960938 4743.000000 330.000000 4745.000000 630.000000
48343791 4743.960938 4743.000000 330.000000 4745.000000 630.000000
48344347 4743.960938 4743.000000 330.000000 4745.000000 630.000000
48344848 4744.259636 4744.000000 100.000000 4745.000000 620.000000
48345350 4744.259636 4744.000000 100.000000 4745.000000 620.000000
48345888 4744.259636 4744.000000 100.000000 4745.000000 620.000000
48346454 4743.961842 4743.000000 330.000000 4745.000000 620.000000
48346990 4743.697662 4743.000000 320.000000 4744.000000 100.000000
48347503 4743.697662 4743.000000 320.000000 4744.000000 100.000000
48348004 4743.697662 4743.000000 320.000000 4744.000000 100.000000
48348506 4743.705762 4743.000000 330.000000 4744.000000 100.000000
48349018 4743.705762 4743.000000 330.000000 4744.000000 100.000000
48349557 4743.705762 4743.000000 330.000000 4744.000000 100.000000
48350064 4743.705762 4743.000000 330.000000 4744.000000 100.000000
48350570 4743.705762 4743.000000 330.000000 4744.000000 100.000000
48351073 4743.705762 4743.000000 330.000000 4744.000000 100.000000
48351576 4743.705762 4743.000000 330.000000 4744.000000 100.000000
48352088 4743.697662 4743.000000 320.000000 4744.000000 100.000000
48352594 4743.697662 4743.000000 320.000000 4744.000000 100.000000
48353097 4743.687410 4743.000000 310.000000 4744.000000 100.000000
48353641 4743.687410 4743.000000 310.000000 4744.000000 100.000000
48354145 4743.693736 4743.000000 310.000000 4744.000000 90.000000
48354652 4743.693736 4743.000000 310.000000 4744.000000 90.000000
48355162 4743.693736 4743.000000 310.000000 4744.000000 90.000000
48355671 4743.693736 4743.000000 310.000000 4744.000000 90.000000
48356208 4743.639922 4743.000000 310.000000 4744.000000 110.000000
48356711 4743.639922 4743.000000 310.000000 4744.000000 110.000000
48357212 4743.639922 4743.000000 310.000000 4744.000000 110.000000
48357713 4743.959210 4743.000000 320.000000 4745.000000 630.000000
48358261 4743.959210 4743.000000 320.000000 4745.000000 630.000000
48358763 4743.959210 4743.000000 320.000000 4745.000000 630.000000
48359296 4744.259636 4744.000000 100.000000 4745.000000 620.000000
48359899 4744.259636 4744.000000 100.000000 4745.000000 620.000000
48360417 4744.259636 4744.000000 100.000000 4745.000000 620.000000
48360920 4744.259636 4744.000000 100.000000 4745.000000 620.000000
48361424 4744.259636 4744.000000 100.000000 4745.000000 620.000000
48361952 4744.259636 4744.000000 100.000000 4745.000000 620.000000
48362533 4743.686514 4743.000000 320.000000 4744.000000 120.000000
48363050 4743.686514 4743.000000 320.000000 4744.000000 120.000000
48363605 4743.686514 4743.000000 320.000000 4744.000000 120.000000
48364168 4743.686514 4743.000000 320.000000 4744.000000 120.000000
48364672 4743.676212 4743.000000 310.000000 4744.000000 120.000000
48365211 4743.673552 4743.000000 260.000000 4744.000000 120.000000
48365719 4743.673552 4743.000000 260.000000 4744.000000 120.000000
48366220 4743.673552 4743.000000 260.000000 4744.000000 120.000000
48366793 4743.673552 4743.000000 260.000000 4744.000000 120.000000
48367309 4743.673552 4743.000000 260.000000 4744.000000 120.000000
48367820 4743.673552 4743.000000 260.000000 4744.000000 120.000000
48368328 4743.585142 4743.000000 260.000000 4744.000000 270.000000
48368992 4743.585142 4743.000000 260.000000 4744.000000 270.000000
48369521 4743.585142 4743.000000 260.000000 4744.000000 270.000000
48370030 4743.585142 4743.000000 260.000000 4744.000000 270.000000
48370536 4743.551508 4743.000000 260.000000 4744.000000 290.000000
48371053 4743.551508 4743.000000 260.000000 4744.000000 290.000000
48371605 4743.551508 4743.000000 260.000000 4744.000000 290.000000
48372106 4743.551508 4743.000000 260.000000 4744.000000 290.000000
48372615 4743.551508 4743.000000 260.000000 4744.000000 290.000000
48373120 4743.551508 4743.000000 260.000000 4744.000000 290.000000
48373635 4743.551508 4743.000000 260.000000 4744.000000 290.000000
48374222 4743.551508 4743.000000 260.000000 4744.000000 290.000000
48374739 4743.526054 4743.000000 260.000000 4744.000000 300.000000
48375284 4743.526054 4743.000000 260.000000 4744.000000 300.000000
48375823 4743.526054 4743.000000 260.000000 4744.000000 300.000000
48376334 4743.526054 4743.000000 260.000000 4744.000000 300.000000
48376864 4743.526054 4743.000000 260.000000 4744.000000 300.000000
48377435 4743.515588 4743.000000 220.000000 4744.000000 300.000000
48377952 4743.500032 4743.000000 220.000000 4744.000000 300.000000
48378466 4743.500032 4743.000000 220.000000 4744.000000 300.000000
48378970 4743.500032 4743.000000 220.000000 4744.000000 300.000000
48379513 4743.500032 4743.000000 220.000000 4744.000000 300.000000
48380035 4743.500032 4743.000000 220.000000 4744.000000 300.000000
48380541 4743.500032 4743.000000 220.000000 4744.000000 300.000000
48381129 4743.500032 4743.000000 220.000000 4744.000000 300.000000
48381666 4743.500032 4743.000000 220.000000 4744.000000 300.000000
48382179 4743.500032 4743.000000 220.000000 4744.000000 300.000000
48382706 4743.500032 4743.000000 220.000000 4744.000000 300.000000
48383411 4743.500032 4743.000000 220.000000 4744.000000 300.000000
48383954 4743.500032 4743.000000 220.000000 4744.000000 300.000000
48384517 4743.500032 4743.000000 220.000000 4744.000000 300.000000
48385022 4743.500032 4743.000000 220.000000 4744.000000 300.000000
48385680 4743.500032 4743.000000 220.000000 4744.000000 300.000000
48386230 4743.500032 4743.000000 220.000000 4744.000000 300.000000
48386752 4743.500032 4743.000000 220.000000 4744.000000 300.000000
48387253 4743.500032 4743.000000 220.000000 4744.000000 300.000000
48387824 4743.500032 4743.000000 220.000000 4744.000000 300.000000
48388329 4743.500032 4743.000000 220.000000 4744.000000 300.000000
48388849 4743.500032 4743.000000 220.000000 4744.000000 300.000000
48389360 4743.500032 4743.000000 220.000000 4744.000000 300.000000
48389901 4743.500032 4743.000000 220.000000 4744.000000 300.000000
48390483 4743.500032 4743.000000 220.000000 4744.000000 300.000000
48390996 4743.500032 4743.000000 220.000000 4744.000000 300.000000
48391556 4743.500032 4743.000000 220.000000 4744.000000 300.000000
48392160 4743.500032 4743.000000 220.000000 4744.000000 300.000000
48392667 4743.500032 4743.000000 220.000000 4744.000000 300.000000
48393214 4743.500032 4743.000000 220.000000 4744.000000 300.000000
48393763 4743.500032 4743.000000 220.000000 4744.000000 300.000000
48394264 4743.500032 4743.000000 220.000000 4744.000000 300.000000
48394779 4743.500032 4743.000000 220.000000 4744.000000 300.000000
48395357 4743.500032 4743.000000 220.000000 4744.000000 300.000000
48395896 4743.500032 4743.000000 220.000000 4744.000000 300.000000
48396398 4743.500032 4743.000000 220.000000 4744.000000 300.000000
48396915 4743.500032 4743.000000 220.000000 4744.000000 300.000000
48397439 4743.500032 4743.000000 220.000000 4744.000000 300.000000
48398018 4743.427142 4743.000000 140.000000 4744.000000 300.000000
48398524 4743.326250 4743.000000 100.000000 4744.000000 300.000000
48399098 4743.305288 4743.000000 70.000000 4744.000000 300.000000
48399599 4743.305288 4743.000000 70.000000 4744.000000 300.000000
48400100 4743.305288 4743.000000 70.000000 4744.000000 300.000000
48400601 4743.305288 4743.000000 70.000000 4744.000000 300.000000
48401160 4743.305288 4743.000000 70.000000 4744.000000 300.000000
48401666 4743.296852 4743.000000 60.000000 4744.000000 300.000000
48402207 4743.296852 4743.000000 60.000000 4744.000000 300.000000
48402727 4743.296852 4743.000000 60.000000 4744.000000 300.000000
48403244 4743.296852 4743.000000 60.000000 4744.000000 300.000000
48403788 4743.296852 4743.000000 60.000000 4744.000000 300.000000
48404306 4743.296852 4743.000000 60.000000 4744.000000 300.000000
48404826 4743.296852 4743.000000 60.000000 4744.000000 300.000000
48405328 4743.296852 4743.000000 60.000000 4744.000000 300.000000
48405830 4743.072784 4742.000000 1250.000000 4744.000000 330.000000
48406331 4743.071540 4742.000000 1250.000000 4744.000000 340.000000
48406850 4743.071540 4742.000000 1250.000000 4744.000000 340.000000
48407365 4743.071540 4742.000000 1250.000000 4744.000000 340.000000
48407868 4743.071540 4742.000000 1250.000000 4744.000000 340.000000
48408384 4743.071540 4742.000000 1250.000000 4744.000000 340.000000
48408898 4743.071540 4742.000000 1250.000000 4744.000000 340.000000
48409545 4743.071540 4742.000000 1250.000000 4744.000000 340.000000
48410089 4742.806784 4742.000000 1250.000000 4743.000000 10.000000
48410688 4742.806784 4742.000000 1250.000000 4743.000000 10.000000
48411201 4742.771486 4742.000000 1250.000000 4743.000000 20.000000
48411734 4742.771486 4742.000000 1250.000000 4743.000000 20.000000
48412264 4742.771486 4742.000000 1250.000000 4743.000000 20.000000
48412767 4742.771486 4742.000000 1250.000000 4743.000000 20.000000
48413268 4742.790822 4742.000000 1250.000000 4743.000000 50.000000
48413795 4742.790822 4742.000000 1250.000000 4743.000000 50.000000
48414309 4743.317366 4743.000000 150.000000 4744.000000 340.000000
48414835 4743.317366 4743.000000 150.000000 4744.000000 340.000000
48415338 4743.317366 4743.000000 150.000000 4744.000000 340.000000
48415849 4743.317366 4743.000000 150.000000 4744.000000 340.000000
48416355 4743.327422 4743.000000 150.000000 4744.000000 320.000000
48416867 4743.327422 4743.000000 150.000000 4744.000000 320.000000
48417374 4743.327422 4743.000000 150.000000 4744.000000 320.000000
48417880 4743.327422 4743.000000 150.000000 4744.000000 320.000000
48418411 4743.397056 4743.000000 250.000000 4744.000000 320.000000
48418953 4743.370244 4743.000000 250.000000 4744.000000 420.000000
48419456 4743.370244 4743.000000 250.000000 4744.000000 420.000000
48419957 4743.370244 4743.000000 250.000000 4744.000000 420.000000
48420479 4743.370244 4743.000000 250.000000 4744.000000 420.000000
48421017 4743.370244 4743.000000 250.000000 4744.000000 420.000000
48421532 4743.370244 4743.000000 250.000000 4744.000000 420.000000
48422036 4743.370244 4743.000000 250.000000 4744.000000 420.000000
48422542 4743.370244 4743.000000 250.000000 4744.000000 420.000000
48423082 4743.370244 4743.000000 250.000000 4744.000000 420.000000
48423583 4743.370244 4743.000000 250.000000 4744.000000 420.000000
48424096 4743.370244 4743.000000 250.000000 4744.000000 420.000000
48424605 4743.370244 4743.000000 250.000000 4744.000000 420.000000
48425158 4743.370244 4743.000000 250.000000 4744.000000 420.000000
48425665 4743.370244 4743.000000 250.000000 4744.000000 420.000000
48426172 4743.370244 4743.000000 250.000000 4744.000000 420.000000
48426679 4743.364922 4743.000000 150.000000 4744.000000 320.000000
48427203 4743.230358 4743.000000 20.000000 4744.000000 320.000000
48427704 4743.230358 4743.000000 20.000000 4744.000000 320.000000
48428211 4743.230358 4743.000000 20.000000 4744.000000 320.000000
48428715 4743.230358 4743.000000 20.000000 4744.000000 320.000000
48429222 4743.230358 4743.000000 20.000000 4744.000000 320.000000
48429781 4743.230358 4743.000000 20.000000 4744.000000 320.000000
48430294 4743.230358 4743.000000 20.000000 4744.000000 320.000000
48430835 4743.230358 4743.000000 20.000000 4744.000000 320.000000
48431337 4743.230358 4743.000000 20.000000 4744.000000 320.000000
48431854 4742.741812 4742.000000 1150.000000 4743.000000 180.000000
48432370 4742.741812 4742.000000 1150.000000 4743.000000 180.000000
48432879 4742.741812 4742.000000 1150.000000 4743.000000 180.000000
48433405 4742.741812 4742.000000 1150.000000 4743.000000 180.000000
48433910 4742.741812 4742.000000 1150.000000 4743.000000 180.000000
48434413 4742.741812 4742.000000 1150.000000 4743.000000 180.000000
48435026 4742.747296 4742.000000 1150.000000 4743.000000 160.000000
48435536 4742.747296 4742.000000 1150.000000 4743.000000 160.000000
48436056 4742.747296 4742.000000 1150.000000 4743.000000 160.000000
48436562 4743.069256 4742.000000 1150.000000 4744.000000 330.000000
48437066 4743.069256 4742.000000 1150.000000 4744.000000 330.000000
48437608 4743.069256 4742.000000 1150.000000 4744.000000 330.000000
48438109 4743.069256 4742.000000 1150.000000 4744.000000 330.000000
48438624 4743.069256 4742.000000 1150.000000 4744.000000 330.000000
48439136 4743.069256 4742.000000 1150.000000 4744.000000 330.000000
48439807 4743.069256 4742.000000 1150.000000 4744.000000 330.000000
48440367 4743.069256 4742.000000 1150.000000 4744.000000 330.000000
48440885 4743.069256 4742.000000 1150.000000 4744.000000 330.000000
48441389 4743.069256 4742.000000 1150.000000 4744.000000 330.000000
48441909 4743.069256 4742.000000 1150.000000 4744.000000 330.000000
48442414 4743.069256 4742.000000 1150.000000 4744.000000 330.000000
48442921 4743.069256 4742.000000 1150.000000 4744.000000 330.000000
48443448 4743.069256 4742.000000 1150.000000 4744.000000 330.000000
48443967 4743.069256 4742.000000 1150.000000 4744.000000 330.000000
48444480 4743.069256 4742.000000 1150.000000 4744.000000 330.000000
48444992 4743.069256 4742.000000 1150.000000 4744.000000 330.000000
48445502 4743.069256 4742.000000 1150.000000 4744.000000 330.000000
48446004 4743.069256 4742.000000 1150.000000 4744.000000 330.000000
48446531 4743.069256 4742.000000 1150.000000 4744.000000 330.000000
48447098 4743.069256 4742.000000 1150.000000 4744.000000 330.000000
48447605 4743.069256 4742.000000 1150.000000 4744.000000 330.000000
48448114 4742.784346 4742.000000 1150.000000 4743.000000 50.000000
48448620 4742.784346 4742.000000 1150.000000 4743.000000 50.000000
48449123 4743.069256 4742.000000 1150.000000 4744.000000 330.000000
48449625 4743.066380 4742.000000 1110.000000 4744.000000 340.000000
48450126 4742.777376 4742.000000 1110.000000 4743.000000 50.000000
48450647 4742.777376 4742.000000 1110.000000 4743.000000 50.000000
48451194 4742.777376 4742.000000 1110.000000 4743.000000 50.000000
48451704 4742.777376 4742.000000 1110.000000 4743.000000 50.000000
48452210 4742.777376 4742.000000 1110.000000 4743.000000 50.000000
48452757 4743.209418 4743.000000 10.000000 4744.000000 330.000000
48453258 4743.209418 4743.000000 10.000000 4744.000000 330.000000
48453759 4743.209418 4743.000000 10.000000 4744.000000 330.000000
48454261 4743.209418 4743.000000 10.000000 4744.000000 330.000000
48454790 4743.209418 4743.000000 10.000000 4744.000000 330.000000
48455315 4743.209418 4743.000000 10.000000 4744.000000 330.000000
48455859 4743.066380 4742.000000 1110.000000 4744.000000 340.000000
48456370 4742.777376 4742.000000 1110.000000 4743.000000 50.000000
48456989 4742.777376 4742.000000 1110.000000 4743.000000 50.000000
48457585 4742.777376 4742.000000 1110.000000 4743.000000 50.000000
48458111 4742.777376 4742.000000 1110.000000 4743.000000 50.000000
48458652 4743.066380 4742.000000 1110.000000 4744.000000 340.000000
48459163 4743.066380 4742.000000 1110.000000 4744.000000 340.000000
48459778 4743.066380 4742.000000 1110.000000 4744.000000 340.000000
48460329 4742.742352 4742.000000 1110.000000 4743.000000 150.000000
48460880 4742.742352 4742.000000 1110.000000 4743.000000 150.000000
48461392 4742.742352 4742.000000 1110.000000 4743.000000 150.000000
48461956 4742.742352 4742.000000 1110.000000 4743.000000 150.000000
48462466 4742.742352 4742.000000 1110.000000 4743.000000 150.000000
48462991 4742.742352 4742.000000 1110.000000 4743.000000 150.000000
48463519 4742.701932 4742.000000 1110.000000 4743.000000 160.000000
48464024 4742.701932 4742.000000 1110.000000 4743.000000 160.000000
48464534 4742.701932 4742.000000 1110.000000 4743.000000 160.000000
48465040 4742.701932 4742.000000 1110.000000 4743.000000 160.000000
48465583 4742.701932 4742.000000 1110.000000 4743.000000 160.000000
48466089 4742.701932 4742.000000 1110.000000 4743.000000 160.000000
48466603 4742.701932 4742.000000 1110.000000 4743.000000 160.000000
48467114 4742.701932 4742.000000 1110.000000 4743.000000 160.000000
48467631 4742.701932 4742.000000 1110.000000 4743.000000 160.000000
48468167 4742.701932 4742.000000 1110.000000 4743.000000 160.000000
48468673 4742.701932 4742.000000 1110.000000 4743.000000 160.000000
48469210 4742.701932 4742.000000 1110.000000 4743.000000 160.000000
48469749 4742.701932 4742.000000 1110.000000 4743.000000 160.000000
48470296 4742.701932 4742.000000 1110.000000 4743.000000 160.000000
48470797 4742.701932 4742.000000 1110.000000 4743.000000 160.000000
48471324 4742.742352 4742.000000 1110.000000 4743.000000 150.000000
48471828 4742.742352 4742.000000 1110.000000 4743.000000 150.000000
48472330 4742.742352 4742.000000 1110.000000 4743.000000 150.000000
48472845 4742.669932 4742.000000 1110.000000 4743.000000 170.000000
48473424 4742.669932 4742.000000 1110.000000 4743.000000 170.000000
48473963 4742.669932 4742.000000 1110.000000 4743.000000 170.000000
48474470 4743.066380 4742.000000 1110.000000 4744.000000 340.000000
48474988 4743.066380 4742.000000 1110.000000 4744.000000 340.000000
48475507 4743.066380 4742.000000 1110.000000 4744.000000 340.000000
48476010 4743.217662 4743.000000 20.000000 4744.000000 340.000000
48476574 4743.067708 4742.000000 1110.000000 4744.000000 330.000000
48477177 4743.067708 4742.000000 1110.000000 4744.000000 330.000000
48477739 4743.067708 4742.000000 1110.000000 4744.000000 330.000000
48478264 4743.067708 4742.000000 1110.000000 4744.000000 330.000000
48478814 4743.209418 4743.000000 10.000000 4744.000000 330.000000
48479323 4743.067708 4742.000000 1110.000000 4744.000000 330.000000
48479827 4743.067708 4742.000000 1110.000000 4744.000000 330.000000
48480331 4743.067708 4742.000000 1110.000000 4744.000000 330.000000
48480845 4743.067708 4742.000000 1110.000000 4744.000000 330.000000
48481396 4743.067708 4742.000000 1110.000000 4744.000000 330.000000
48481898 4743.067708 4742.000000 1110.000000 4744.000000 330.000000
48482423 4743.067708 4742.000000 1110.000000 4744.000000 330.000000
48483071 4743.067708 4742.000000 1110.000000 4744.000000 330.000000
48483580 4743.067708 4742.000000 1110.000000 4744.000000 330.000000
48484120 4743.302338 4743.000000 100.000000 4744.000000 320.000000
48484661 4743.302338 4743.000000 100.000000 4744.000000 320.000000
48485243 4743.302338 4743.000000 100.000000 4744.000000 320.000000
48485788 4743.302338 4743.000000 100.000000 4744.000000 320.000000
48486323 4743.302338 4743.000000 100.000000 4744.000000 320.000000
48486893 4743.302338 4743.000000 100.000000 4744.000000 320.000000
48487427 4743.302338 4743.000000 100.000000 4744.000000 320.000000
48487928 4742.731184 4742.000000 1110.000000 4743.000000 190.000000
48488450 4742.731184 4742.000000 1110.000000 4743.000000 190.000000
48488972 4742.731184 4742.000000 1110.000000 4743.000000 190.000000
48489523 4742.731184 4742.000000 1110.000000 4743.000000 190.000000
48490037 4742.670762 4742.000000 1110.000000 4743.000000 290.000000
48490592 4742.670762 4742.000000 1110.000000 4743.000000 290.000000
48491100 4742.670762 4742.000000 1110.000000 4743.000000 290.000000
48491623 4742.658980 4742.000000 910.000000 4743.000000 290.000000
48492215 4742.583262 4742.000000 1110.000000 4743.000000 290.000000
48492777 4742.583262 4742.000000 1110.000000 4743.000000 290.000000
48493313 4742.583262 4742.000000 1110.000000 4743.000000 290.000000
48493819 4742.583262 4742.000000 1110.000000 4743.000000 290.000000
48494327 4742.629994 4742.000000 1110.000000 4743.000000 110.000000
48494868 4742.629994 4742.000000 1110.000000 4743.000000 110.000000
48495370 4742.629994 4742.000000 1110.000000 4743.000000 110.000000
48495887 4742.629994 4742.000000 1110.000000 4743.000000 110.000000
48496393 4742.629994 4742.000000 1110.000000 4743.000000 110.000000
48496894 4742.629994 4742.000000 1110.000000 4743.000000 110.000000
48497407 4742.582352 4742.000000 1110.000000 4743.000000 150.000000
48497995 4742.582352 4742.000000 1110.000000 4743.000000 150.000000
48498505 4742.582352 4742.000000 1110.000000 4743.000000 150.000000
48499034 4742.582352 4742.000000 1110.000000 4743.000000 150.000000
48499545 4742.582352 4742.000000 1110.000000 4743.000000 150.000000
48500052 4742.582352 4742.000000 1110.000000 4743.000000 150.000000
48500575 4742.582352 4742.000000 1110.000000 4743.000000 150.000000
48501081 4742.582352 4742.000000 1110.000000 4743.000000 150.000000
48501626 4742.582352 4742.000000 1110.000000 4743.000000 150.000000
48502146 4742.522954 4742.000000 1110.000000 4743.000000 300.000000
48502755 4742.522954 4742.000000 1110.000000 4743.000000 300.000000
48503256 4742.522954 4742.000000 1110.000000 4743.000000 300.000000
48503866 4742.522954 4742.000000 1110.000000 4743.000000 300.000000
48504385 4742.522954 4742.000000 1110.000000 4743.000000 300.000000
48504920 4742.522954 4742.000000 1110.000000 4743.000000 300.000000
48505442 4742.469088 4742.000000 1110.000000 4743.000000 550.000000
48505958 4742.469088 4742.000000 1110.000000 4743.000000 550.000000
48506469 4742.469088 4742.000000 1110.000000 4743.000000 550.000000
48506974 4742.466778 4742.000000 1070.000000 4743.000000 550.000000
48507488 4742.500338 4742.000000 1110.000000 4743.000000 550.000000
48508004 4742.500338 4742.000000 1110.000000 4743.000000 550.000000
48508591 4742.500338 4742.000000 1110.000000 4743.000000 550.000000
48509136 4742.704852 4742.000000 1110.000000 4743.000000 150.000000
48509639 4742.704852 4742.000000 1110.000000 4743.000000 150.000000
48510144 4742.710972 4742.000000 1110.000000 4743.000000 130.000000
48510680 4742.710972 4742.000000 1110.000000 4743.000000 130.000000
48511204 4742.710972 4742.000000 1110.000000 4743.000000 130.000000
48511737 4742.710972 4742.000000 1110.000000 4743.000000 130.000000
48512248 4742.714180 4742.000000 1110.000000 4743.000000 120.000000
48512773 4742.714180 4742.000000 1110.000000 4743.000000 120.000000
48513291 4742.714180 4742.000000 1110.000000 4743.000000 120.000000
48513799 4742.622364 4742.000000 1110.000000 4743.000000 270.000000
48514300 4742.608852 4742.000000 1110.000000 4743.000000 180.000000
48514806 4742.608852 4742.000000 1110.000000 4743.000000 180.000000
48515332 4742.608852 4742.000000 1110.000000 4743.000000 180.000000
48515850 4742.608852 4742.000000 1110.000000 4743.000000 180.000000
48516355 4742.608852 4742.000000 1110.000000 4743.000000 180.000000
48516857 4742.608852 4742.000000 1110.000000 4743.000000 180.000000
48517390 4742.608852 4742.000000 1110.000000 4743.000000 180.000000
48517891 4742.608852 4742.000000 1110.000000 4743.000000 180.000000
48518407 4742.608852 4742.000000 1110.000000 4743.000000 180.000000
48518922 4742.608852 4742.000000 1110.000000 4743.000000 180.000000
48519441 4742.608852 4742.000000 1110.000000 4743.000000 180.000000
48519942 4742.611600 4742.000000 1110.000000 4743.000000 170.000000
48520492 4742.704852 4742.000000 1110.000000 4743.000000 150.000000
48521004 4742.639836 4742.000000 910.000000 4743.000000 160.000000
48521507 4742.639836 4742.000000 910.000000 4743.000000 160.000000
48522031 4742.639836 4742.000000 910.000000 4743.000000 160.000000
48522534 4742.639836 4742.000000 910.000000 4743.000000 160.000000
48523075 4742.639836 4742.000000 910.000000 4743.000000 160.000000
48523579 4742.639836 4742.000000 910.000000 4743.000000 160.000000
48524081 4742.639836 4742.000000 910.000000 4743.000000 160.000000
48524586 4742.663720 4742.000000 920.000000 4743.000000 160.000000
48525088 4742.663720 4742.000000 920.000000 4743.000000 160.000000
48525604 4742.663720 4742.000000 920.000000 4743.000000 160.000000
48526114 4742.663720 4742.000000 920.000000 4743.000000 160.000000
48526635 4742.663720 4742.000000 920.000000 4743.000000 160.000000
48527152 4742.663720 4742.000000 920.000000 4743.000000 160.000000
48527692 4742.575752 4742.000000 920.000000 4743.000000 410.000000
48528198 4742.575752 4742.000000 920.000000 4743.000000 410.000000
48528706 4742.575752 4742.000000 920.000000 4743.000000 410.000000
48529209 4742.582862 4742.000000 880.000000 4743.000000 350.000000
48529750 4742.582862 4742.000000 880.000000 4743.000000 350.000000
48530262 4742.582862 4742.000000 880.000000 4743.000000 350.000000
48530766 4742.582862 4742.000000 880.000000 4743.000000 350.000000
48531280 4742.549658 4742.000000 860.000000 4743.000000 390.000000
48531815 4742.591542 4742.000000 960.000000 4743.000000 390.000000
48532322 4742.591542 4742.000000 960.000000 4743.000000 390.000000
48532836 4742.588884 4742.000000 920.000000 4743.000000 390.000000
48533344 4742.588884 4742.000000 920.000000 4743.000000 390.000000
48533850 4742.588884 4742.000000 920.000000 4743.000000 390.000000
48534375 4742.588884 4742.000000 920.000000 4743.000000 390.000000
48534880 4742.588884 4742.000000 920.000000 4743.000000 390.000000
48535398 4742.588884 4742.000000 920.000000 4743.000000 390.000000
48535899 4742.583734 4742.000000 660.000000 4743.000000 440.000000
