-0.011439
-0.00021906
-0.019819
-0.001133
0.0065043
-0.0005166
-0.015994
-0.0030445
-0.0052829
-0.0058856
-0.0010562
-0.0010891
-0.0024048
-0.0017383
-0.0011049
-0.0019951
-0.0020483
0.010171
0.014088
-0.0001863
-0.00020698
0.0030239
0.009606
-0.0033225
-0.0044524
0.011365
-0.0013831
-0.00091016
-0.001685
-0.018333
-0.067438
-0.0043163
-0.007761
-0.024025
-0.0015763
-0.0019564
-0.00073287
-0.00021157
-0.00078247
-0.0013326
-0.00052949
0.00012545
-0.0010365
-0.0010229
-0.0012507
-0.0014259
-0.0012436
-0.0010574
-0.0011687
-0.0015066
-0.0010514
-0.0011899
-0.0011037
-0.001056
-0.0011458
-0.0014682
-0.0015038
-0.0010512
-0.0019328
-0.0010708
-0.0016472
-0.0010509
-0.0006368
0.004696
0.0027307
-0.0010737
-0.0011038
-0.0019408
-0.0014864
-0.0015361
-0.0028491
-0.011345
-0.0014726
-0.00026719
-0.0018514
0.00436
0.0008795
-0.00045625
-0.0011944
-0.00169
-0.0010493
-0.0017903
-0.0021347
-0.0013472
-0.0028257
-0.0039946
-0.0047944
0.00071976
-0.0049846
-0.0018672
-0.0012774
-0.00041789
0.0046399
0.0047998
0.003759
-0.0026357
-0.0023425
-0.0018989
-0.013982
-0.0032547
-0.00073045
-0.006708
-0.0028711
-0.0035496
-0.0036959
-0.0016683
-0.0026888
-0.0013231
-0.0010517
-0.0010499
-0.0002504
-0.0010569
-0.0010782
0.1374
-0.00092928
-0.10083
-0.0045943
-0.0041485
0.0017922
-0.0054332
-0.0047139
-0.0021491
-0.006233
0.052856
0.011333
0.078722
-0.00018265
0.075022
-0.00094391
-0.0013386
-0.0019973
-0.0018674
-0.0006489
-0.00014995
-0.0014628
0.00037732
-0.00074154
-0.0010602
-0.00028254
-0.0010802
-0.0010579
-0.0019898
-0.0023088
-0.00090591
-0.0042378
-0.0011712
-0.0018073
-0.002771
-0.0010512
-0.0011203
-0.0015909
-0.0010511
-0.0012426
-0.0012307
-0.0010515
-0.0010969
-0.00063236
-0.001008
-0.0013524
-0.0010513
-0.0011104
0.013479
-0.00069457
-0.031888
-0.00046388
-0.0011462
-0.0012499
-0.0010214
-0.0015174
-0.00099111
-0.0015426
-0.00090865
-0.0015541
-0.001022
-0.0013377
-0.039868
0.18255
0.0063803
0.0019018
0.00096147
-0.00040154
-0.0056331
-0.0033568
-0.0010512
-0.001845
-0.0020654
-0.001911
-0.002816
-0.0010281
-0.0010446
-0.0012735
-0.0018473
-0.0019739
-0.002484
-0.0010437
-0.001053
-0.001535
-0.0011707
-0.0010511
-0.00099837
-0.0015072
-0.0013073
-0.0010959
-0.0016307
-0.0024073
-0.00095397
0.00035776
-0.00089849
-0.0012095
-0.0011184
-0.0010512
-0.0010521
-0.0010649
-0.0013455
-0.0010512
-0.0010513
-0.0012696
-0.0010742
-0.0011198
-0.0011517
-0.0017237
-0.0011043
-0.0014881
-0.0019567
-0.0013047
-0.0012103
-0.0012973
-0.0010683
-0.0012607
-0.0012518
-0.001076
-0.0011023
-0.0013509
-0.0016199
-0.0014146
-0.0012551
-0.0013309
-0.0012834
-0.0014285
-0.0010664
-0.0011576
-0.0017125
-0.0017838
-0.0014486
-0.0012254
-0.0010666
-0.0011522
-0.000983
-0.0011176
-0.0010512
-0.0010512
-0.0010512
-0.0011695
0.0013664
-0.0004805
-0.00078312
-0.00095642
-0.00035529
0.00094554
0.0002311
-0.0033505
-0.0029671
-0.0022337
-0.0029821
-0.0016164
0.0012823
-0.017199
-0.088607
-0.0010457
-0.0012164
-0.0015834
-0.00053424
-0.0015543
-0.0021536
-0.0091687
-0.01049
-0.0038522
-0.0013888
-0.0055302
-0.0043507
-0.0023305
-0.0018189
-0.0027366
-0.0044806
-0.004543
-0.0015044
-0.00087146
-0.0019221
-0.0014099
-0.0017287
-0.001857
-0.0013891
-0.0018593
-0.0042972
0.0048128
-0.019318
-0.0043597
0.0013329
-0.00037323
-0.0012953
-0.0010084
-0.0015196
-0.0010643
-0.0010517
-0.0012293
-0.017074
-0.0035789
-0.0015053
-0.0013505
-0.0010657
-0.011238
-0.0020798
-0.10055
-0.0060475
-0.0010962
-0.0010821
-0.0010512
-0.0010512
-0.0014995
-0.0013671
-0.0015267
-0.0013313
-0.0014835
-0.0010512
-0.0010513
-0.0014227
-0.0010513
-0.0010573
-0.0010801
-0.015905
-0.0010961
-0.0010512
-0.0010273
-0.00028612
0.00022621
-0.00062268
-0.0016658
-0.0025813
-0.0012932
-0.0032053
0.00023649
-0.0008984
-0.0034571
-0.0058662
0.015962
0.0051939
0.0072345
-0.0034666
0.0059458
-0.0001613
0.0050887
0.003434
0.00417
-0.00035251
-0.0012207
-0.0019442
0.024009
-0.0055124
-0.0029533
0.00085706
-0.021353
-0.0013778
-0.0023011
-0.0029102
-0.0032664
-0.0038581
-0.0040812
-0.001712
-0.001848
-0.0016842
-0.0024908
-0.0025565
-0.002201
-0.0027658
-0.002936
-0.0035706
-0.072403
-0.001088
-0.0011278
-0.0044265
-0.0050385
-0.0058708
-0.0037637
-0.004212
-0.0049622
-0.0030385
-0.0064271
-0.0080536
0.012776
-0.0021425
-0.001056
-0.0020297
-0.003647
-0.0015547
-0.0010852
-0.0010535
-0.0018156
-0.0020407
-0.0019311
-0.0033942
-0.0036256
-0.0062226
-0.0082662
-0.0097624
0.0069681
0.017989
0.0014803
-0.0027613
-0.0037051
0.0013586
-0.0015016
-0.0017179
-0.0025068
-0.0010514
-0.0017958
-0.0019048
-0.0022468
-0.0012143
-0.0016358
-0.0010916
-0.0012759
-0.0016582
-0.0022217
-0.0021171
-0.0012494
-0.0015124
-0.0015647
-0.0024378
-0.0024702
-0.0028678
-0.0013002
-0.002152
-0.0019715
-0.0028441
-0.0024255
-0.0025916
-0.0027876
-0.0035594
-0.0035916
-0.001722
-0.0023501
-0.002319
-0.0020766
-0.0010378
-0.0019165
-0.0021906
-0.0014963
-0.0021118
-0.0014597
-0.0012325
-0.0021181
-0.0026865
-0.0013663
-0.0018159
-0.00078921
-0.0018128
-0.001846
-0.0010546
-0.0028238
-0.0010546
-0.0010502
-0.0011016
-0.0020022
-0.0010632
-0.0010512
-0.0010534
-0.0013635
-0.0022883
-0.0010793
-0.0015648
-0.0010551
-0.0013251
-0.0014999
-0.0010579
-0.0013028
-0.0010507
-0.0010514
-0.0010619
-0.0014906
-0.0015673
-0.0010745
-0.0010512
-0.0014515
-0.0021228
-0.0015361
-0.00107
-0.0010924
-0.001246
-0.0011795
-0.0013342
-0.0010512
-0.0010533
-0.0011881
-0.0010785
-0.0011795
-0.0019659
-0.0010847
-0.0010589
-0.0013175
-0.0011158
