-0.020216
-0.021799
-0.0010512
-0.0011624
-0.0010701
-0.0010512
-0.0010512
-0.0010512
-0.001067
-0.0010595
-0.0010512
-0.0010513
-0.0010757
-0.0010512
-0.0010512
-0.0010512
-0.0010512
-0.0010527
-0.0010514
-0.0018024
-0.0024874
-0.001318
-0.001375
-0.0010543
-0.0010512
-0.0010512
-0.0010512
-0.0010817
-0.0010557
-0.0010517
-0.0010512
-0.0011305
-0.0010659
-0.0011673
-0.0016517
-0.0010513
-0.0010512
-0.0010512
-0.0010512
-0.0010512
-0.0011086
-0.0014757
-0.0010512
-0.0010516
-0.0010514
-0.0012115
-0.0010512
-0.0010512
-0.0010532
-0.0010512
-0.0010512
-0.0012853
-0.0010899
-0.0010512
-0.0012856
-0.0010512
-0.0010781
-0.0010512
-0.0010988
-0.0010512
-0.0013639
-0.0010512
-0.0010512
-0.0010512
-0.0010512
-0.0010512
-0.0010515
-0.0010515
-0.0010525
-0.0010521
-0.0010623
-0.0010512
-0.0010604
-0.0011594
-0.0010512
-0.0011832
-0.0015792
-0.0010517
-0.0010533
-0.0010512
-0.0010512
-0.0010512
-0.0010512
-0.0010512
-0.0010512
-0.0010512
-0.0010512
-0.0010512
-0.0010512
-0.0010514
-0.001056
-0.0010512
-0.0010512
-0.0010512
-0.0010512
-0.0010512
-0.0010968
-0.0010512
-0.0010512
-0.0010512
-0.0010512
-0.0010512
-0.0010512
-0.0010512
-0.0010512
-0.0010512
-0.0010512
-0.0010512
-0.0010512
-0.0017374
-0.0010512
-0.0010512
-0.0011304
-0.0010512
-0.0010512
-0.0011202
-0.0010512
-0.0010726
-0.0010519
-0.0010512
-0.0010512
-0.0010679
-0.0010512
-0.0010512
-0.0010512
-0.0010698
-0.0013163
-0.0010517
-0.0010512
-0.0010515
-0.0011141
-0.0010543
-0.0010513
-0.0010512
-0.0012414
-0.0010512
-0.0010512
-0.0010512
-0.001052
-0.0012612
-0.0010512
-0.0010688
-0.0020964
-0.0010513
-0.0010512
-0.0010568
-0.0010512
-0.001059
-0.0010512
-0.0010513
-0.0010512
-0.0010512
-0.0010512
-0.0010523
-0.0010512
-0.0010512
-0.0010512
-0.0011149
-0.0015356
-0.0010512
-0.0010512
-0.0010512
-0.0010716
-0.0011581
-0.0010512
-0.0010512
-0.0015734
-0.0010512
-0.0010554
-0.0011467
-0.0010527
-0.0011016
-0.0013505
-0.0010583
-0.0010537
-0.001154
-0.0010512
-0.0010512
-0.0018782
-0.0010512
-0.0010513
-0.0010523
-0.0010512
-0.0010512
-0.0010731
-0.0010512
-0.0010512
-0.0010512
-0.0010512
-0.0011356
-0.0010512
-0.0013181
-0.0010512
-0.0010512
-0.0010512
-0.0010512
-0.0010537
-0.0010512
-0.0010512
-0.0011056
-0.0010529
-0.0010875
-0.0010512
-0.0011338
-0.0010512
-0.0010512
-0.0010512
-0.001305
-0.0011887
-0.0013194
-0.0010558
-0.001138
-0.0012985
-0.0010512
-0.0010512
-0.0010512
-0.0011428
-0.0013249
-0.0021708
-0.0010512
-0.0010512
-0.0010518
-0.0010575
-0.0010512
-0.0010512
-0.0010805
-0.0012164
-0.0010516
-0.0010512
-0.0010512
-0.0010512
-0.0010512
-0.001139
-0.0013465
-0.0010512
-0.0020121
-0.0029457
-0.0032339
-0.0042413
-0.0010512
-0.0010813
-0.0010512
-0.0010512
-0.0010512
-0.0010512
-0.0010512
-0.0010512
-0.0010512
-0.0010519
-0.0010512
-0.001052
-0.0010512
-0.0010512
-0.0010512
-0.0011384
-0.0010534
-0.0010512
-0.0010512
-0.0010512
-0.0010682
-0.0010512
-0.0017115
-0.0010512
-0.0010512
-0.0010512
-0.0010512
-0.0010512
-0.0011212
-0.0010512
-0.0010512
-0.0020902
-0.0010767
-0.0010512
-0.0010512
-0.001052
-0.0011309
-0.0011094
-0.0010512
-0.0013461
-0.0010512
-0.0010512
-0.0010512
-0.0010512
-0.0010512
-0.0010512
-0.0010512
-0.0010514
-0.0017352
-0.0026755
-0.0010512
-0.0010575
-0.0010512
-0.0010512
-0.0010512
-0.0010514
-0.0010533
-0.0010512
-0.0010564
-0.0011962
-0.0010512
-0.0010512
-0.0010512
-0.0010523
-0.0010512
-0.0010512
-0.0017674
-0.0010512
-0.0010512
-0.0016342
-0.0010512
-0.0010512
-0.0010605
-0.0010512
-0.0010512
-0.0010512
-0.0010512
-0.0010512
-0.0010512
-0.0011569
-0.0010512
-0.0010512
-0.0010859
-0.0010535
-0.0010512
-0.0010512
-0.0010512
-0.0010512
-0.0010512
-0.0010512
-0.0010512
-0.0010512
-0.0010512
-0.0010512
-0.001055
-0.0011243
-0.0010512
-0.0010512
-0.0010512
-0.0010512
-0.0010512
-0.0010516
-0.0010512
-0.0019562
-0.0030259
-0.0010512
-0.0010512
-0.0011125
-0.0012242
-0.0010512
-0.0010586
-0.0010634
-0.0010512
-0.0010529
-0.0010515
-0.0020831
-0.0011096
-0.0010512
-0.0010522
-0.0010512
-0.0010512
-0.0011705
-0.0010512
-0.0012309
-0.0010512
-0.001091
-0.0010512
-0.0010599
-0.0010512
-0.0010512
-0.0012349
-0.0022339
-0.0010512
-0.0010905
-0.0010515
-0.0010512
-0.0010512
-0.0010512
-0.001052
-0.0010512
-0.0010512
-0.0010512
-0.0010512
-0.0010512
-0.0010512
-0.0010512
-0.0010512
-0.0010512
-0.0010514
-0.0010512
-0.0010512
-0.0010512
-0.0010512
-0.0010529
-0.0011264
-0.0010512
-0.0010516
-0.0011779
-0.0010512
-0.0010512
-0.0010512
-0.0010512
-0.0016795
-0.0010512
-0.0010533
-0.001071
-0.0010516
-0.0011061
-0.0014484
-0.0010512
-0.0014871
-0.0010587
-0.0019271
-0.0010586
-0.0011668
-0.0010512
-0.0010512
-0.0010959
-0.0010512
-0.0018004
-0.0010701
-0.0010512
-0.0010512
-0.0010516
-0.0010568
-0.0019311
-0.0010571
-0.0010881
-0.0010513
-0.0011854
-0.0013177
-0.0012661
-0.0010538
-0.0010991
-0.0010521
-0.0012095
-0.0010664
-0.0010512
-0.0010512
-0.0010512
-0.0010727
-0.0014108
-0.0022397
-0.0010512
-0.0010512
-0.0010512
-0.0010512
-0.0010512
-0.0010512
-0.0010526
-0.0010512
-0.0010761
-0.0010515
-0.0010512
-0.0010512
-0.0019647
-0.0010512
-0.0010512
-0.0010512
-0.0010512
-0.0010512
-0.0010512
-0.0010512
-0.0010512
-0.0010512
-0.0013853
-0.0010512
-0.0010514
-0.0011174
-0.001237
-0.0010512
-0.0010512
-0.0010512
-0.0010589
-0.0010512
-0.0010512
-0.0011674
-0.0010512
-0.0010512
-0.0010516
-0.0010512
-0.0010512
-0.0010512
-0.0010512
-0.0010512
-0.0017127
-0.0010659
-0.0010512
-0.0020866
-0.0010512
-0.0010512
-0.0010512
-0.0010512
-0.0010512
-0.0010512
-0.0010512
-0.0013237
-0.0010527
-0.0010512
-0.0011632
-0.0021164
