-0.017624
-0.017624
-0.017624
-0.017624
-0.017624
-0.017624
-0.017787
-0.017624
-0.017624
-0.017624
-0.017624
-0.017624
-0.017624
-0.017624
-0.017624
-0.017624
-0.017624
-0.017624
-0.024731
-0.017624
-0.017624
-0.017624
-0.017624
-0.017624
-0.017624
-0.017624
-0.017624
-0.017624
-0.017624
-0.017624
-0.017624
-0.017624
-0.017624
-0.017624
-0.017624
-0.021212
-0.017624
-0.017624
-0.017624
-0.017624
-0.017624
-0.017624
-0.017624
-0.017624
-0.017624
-0.017624
-0.017624
-0.017624
-0.017624
-0.017624
-0.017624
-0.017624
-0.017624
-0.017624
-0.017624
-0.017624
-0.027924
-0.017624
-0.017624
-0.017624
-0.017624
-0.017624
-0.017624
-0.017624
-0.017624
-0.017624
-0.017624
-0.017624
-0.017624
-0.017624
-0.017624
-0.017624
-0.017624
-0.017624
-0.017624
-0.017624
-0.017624
-0.017624
-0.017624
-0.017624
-0.025952
-0.019262
-0.017624
-0.017624
-0.017624
-0.017624
-0.017624
-0.017624
-0.017624
-0.017624
-0.017624
-0.017624
-0.017624
-0.017624
-0.017624
-0.017624
-0.017624
-0.017624
-0.017624
-0.017624
-0.017624
-0.017624
-0.017624
-0.017624
-0.017624
-0.017624
-0.017624
-0.017624
-0.024352
-0.027155
-0.017624
-0.017624
-0.017624
-0.017624
-0.017624
-0.017624
-0.017624
-0.017624
-0.017624
-0.017624
-0.017624
-0.017857
-0.017624
-0.017624
-0.017624
-0.017624
-0.017624
-0.017624
-0.017624
-0.017624
-0.017624
-0.017624
-0.017624
-0.017624
-0.017624
-0.017624
-0.017624
-0.017624
-0.017624
-0.017624
-0.017624
-0.017624
-0.026527
-0.017624
-0.017624
-0.017624
-0.017624
-0.017624
-0.017624
-0.017624
-0.017624
-0.017624
-0.017624
-0.017624
-0.017624
-0.017624
-0.017624
-0.017624
-0.017624
-0.017624
-0.017624
-0.025595
-0.017624
-0.017624
-0.017624
-0.017624
-0.017624
-0.017624
-0.017624
-0.017624
-0.017624
-0.017624
-0.017624
-0.017624
-0.017624
-0.017624
-0.017627
-0.017624
-0.017624
-0.017624
-0.025156
-0.017624
-0.025689
-0.01868
-0.017624
-0.017627
-0.017624
-0.017624
-0.017624
-0.017624
-0.017624
-0.018926
-0.017624
-0.017624
0.028641
-0.017624
-0.017624
-0.017624
-0.017624
-0.017624
-0.017624
-0.017624
-0.017624
-0.017624
-0.017624
-0.017624
-0.017624
-0.017624
-0.017624
-0.017624
-0.017624
-0.017624
-0.017624
-0.017624
-0.017624
-0.017624
-0.017624
-0.017624
-0.017624
-0.017624
-0.017624
-0.017624
-0.017624
-0.017624
-0.017624
-0.017624
-0.017624
-0.017624
-0.017624
-0.017624
-0.017624
-0.017624
-0.017624
-0.017624
-0.017624
-0.017624
-0.017624
-0.017624
-0.017624
-0.017624
-0.025988
-0.017624
-0.017624
-0.017624
-0.017624
-0.017624
-0.017624
-0.017624
-0.017624
-0.017624
-0.017624
-0.017624
-0.017624
-0.017624
-0.017624
-0.017624
-0.017624
-0.017624
-0.017624
-0.017624
-0.017624
-0.017624
-0.017931
-0.019743
-0.017624
-0.017624
-0.017624
-0.017624
-0.017624
-0.017624
-0.027761
-0.020841
-0.017631
-0.017624
-0.017624
-0.017624
-0.017624
-0.017624
-0.017624
-0.017624
-0.017624
-0.017624
-0.018145
-0.017624
-0.017624
-0.017782
-0.017624
-0.017624
-0.017624
-0.017624
-0.017624
-0.017624
-0.017624
-0.017624
-0.017613
-0.017624
-0.017624
-0.017624
-0.028167
-0.017624
-0.019032
-0.017624
-0.017624
-0.017624
-0.017624
-0.017624
-0.017624
-0.017624
-0.017624
-0.025868
-0.017624
-0.017624
-0.017624
-0.017624
-0.017624
-0.025259
-0.017624
-0.017624
-0.017624
-0.017624
-0.017624
-0.017624
-0.019414
-0.017624
-0.017624
-0.026405
-0.022238
-0.017624
-0.017624
-0.017624
-0.017624
-0.017624
-0.017624
-0.017624
-0.017624
-0.017624
-0.017624
-0.017624
-0.017624
-0.017624
-0.017624
-0.017624
-0.017624
-0.017624
-0.017624
-0.017624
-0.017624
-0.017624
-0.017624
-0.020193
-0.017624
-0.017624
-0.017624
-0.017624
-0.017624
-0.017624
-0.025848
-0.017624
-0.017624
-0.017624
-0.017624
-0.017624
-0.017624
-0.017624
-0.017624
-0.017624
-0.017624
-0.017624
-0.0177
-0.017624
-0.017624
-0.017624
-0.017624
-0.017624
-0.017624
-0.017624
-0.023012
-0.017624
-0.017624
-0.017624
-0.017624
-0.017624
-0.017624
-0.017624
-0.017624
-0.017624
-0.017624
-0.017624
-0.017624
-0.017624
-0.017624
-0.020632
-0.017624
-0.017624
-0.017624
-0.022414
-0.017624
-0.017624
-0.017624
-0.017624
-0.017624
-0.017624
-0.017624
-0.017624
-0.017624
-0.017624
-0.017624
-0.017624
-0.017624
-0.017624
-0.017624
-0.017624
-0.017624
-0.017624
-0.017624
-0.017624
-0.017624
-0.022638
-0.017624
-0.017624
-0.017624
-0.017624
-0.017624
-0.017624
-0.017624
-0.017624
-0.017624
-0.017624
-0.017624
-0.017624
-0.021331
-0.017624
-0.017624
-0.017624
-0.017624
-0.017624
-0.017624
-0.017624
-0.017624
-0.017624
-0.017624
-0.020709
-0.017624
-0.017624
-0.017624
-0.018131
-0.017624
-0.017624
-0.017624
-0.017624
-0.017624
-0.017624
-0.017624
-0.017961
-0.017624
-0.017624
-0.019525
-0.017624
-0.017624
-0.017624
-0.017624
-0.017624
-0.017624
-0.017624
-0.017624
-0.017624
-0.017624
-0.017624
-0.017624
-0.017624
-0.017624
-0.017624
-0.018036
-0.017624
-0.017624
-0.017624
-0.017624
-0.017624
-0.018965
-0.017624
-0.017624
-0.017624
-0.017624
-0.017624
-0.017624
-0.017624
-0.017624
-0.017624
-0.017624
-0.017624
-0.017624
-0.017624
-0.017624
-0.017624
-0.017624
-0.017624
-0.017624
-0.017624
-0.017624
-0.017624
