0.00030918
0.00012434
0.00013562
0.000119
6.9169e-05
0.0001224
0.00012024
0.0001237
0.0001201
0.00012009
0.00012009
0.00012576
0.00012011
0.00011912
-3.5695e-05
2.6297e-05
7.6993e-05
0.00012009
0.00012816
0.00012009
0.00012024
0.00012248
0.00012009
0.00012009
0.00012007
0.00012009
0.0001202
0.00012009
0.00012009
0.00012009
0.00014824
0.00012011
0.00012009
0.00012011
0.00012009
0.00012009
0.00012009
0.00012009
0.00012009
0.00012009
0.00012009
0.00012009
0.00012009
0.00012009
0.00012009
0.00012009
0.00012009
0.00012009
0.00012009
0.00012009
0.00012009
0.00012009
0.00012009
0.00012009
0.00012009
0.00012009
0.00012009
0.00012009
0.00012009
0.00012009
0.00012009
0.00012009
0.00012009
0.00012009
0.00012009
0.00012009
0.00012009
0.00012009
0.00012009
0.00012009
0.00012009
0.00012009
0.00012001
0.00012009
0.00012009
0.00011594
0.00012009
0.00012009
0.00012009
0.00012009
0.00012009
0.00012
0.00012009
0.00012009
0.00012009
0.00012009
0.00018802
0.00011996
0.00012009
0.00012022
0.00012009
0.00012091
0.00012009
-0.00037309
0.00012007
0.00012009
0.00012005
0.00011951
0.00012009
0.00013368
0.00012009
0.00012009
0.00012048
0.00015895
0.00012095
0.00011455
3.5179e-05
0.00011869
0.00011961
0.00012852
0.00011994
0.00011958
-0.0017483
0.00010091
0.00013393
0.00020086
0.00012025
0.0010637
0.00022122
0.00014853
0.00011998
0.00011606
0.00011842
0.00011629
0.0002711
0.0001814
0.00011859
0.00017325
0.00011679
0.00013493
0.00025692
0.00011995
0.00010843
0.00012838
0.00012266
0.00012208
0.00012646
0.00012581
0.00011956
0.00012001
0.00012009
0.00011997
0.00012223
0.00014559
0.00011954
0.00012019
0.00012009
0.00012085
0.00012405
0.00012009
0.00012009
0.00012048
0.00012009
0.00011257
0.00012008
0.00012009
0.00012012
0.00012668
0.00011971
0.00012009
0.00011991
0.00012009
0.00012009
0.00012009
-0.00020811
0.00012009
0.00012009
4.9788e-05
0.00012009
0.00011963
0.00010254
0.00012082
0.00012006
0.00011948
0.00012006
0.00011466
0.00012009
0.00012009
0.00012009
0.00012009
0.00012009
0.00011997
0.00012448
0.0001196
0.00012009
0.00012009
0.00012009
0.00012009
0.00012119
0.00012133
0.00012009
0.00012009
0.00012009
0.00010948
0.00012003
0.00012006
0.00012009
0.00011819
0.00012009
0.00012009
0.00012018
0.00015286
0.00012009
0.00012014
0.00012011
0.00012036
0.000311
0.00013331
0.00011454
-0.00023154
0.00013902
0.00010394
0.00012235
0.00013025
0.00012047
0.00016465
0.0001353
-0.00021805
1.5874e-05
0.00013112
-0.00011658
0.001755
-6.1353e-05
0.00011703
8.3063e-05
0.00014691
-0.00068969
0.0007408
-1.6129e-05
0.0046045
0.0010002
0.00012009
0.00012139
0.00012736
0.00012021
0.00012483
0.00013865
0.0001197
0.00012303
0.00012003
0.00012009
0.00011994
0.00012008
0.00012009
0.00012015
0.0001205
0.00011998
0.00011876
0.00011994
0.00012037
-0.0017493
0.00012042
0.00011665
0.00011993
0.00012061
0.00012019
0.00012138
0.00012026
0.00012011
0.00012051
0.00012648
0.00012153
0.00012008
0.00014369
0.00012298
0.00013637
0.00022293
0.00012458
0.00011771
0.00016122
9.7216e-05
0.00019742
-0.00031501
0.00016734
7.0326e-05
0.00011362
0.00010477
0.00011313
0.00010322
0.00012009
0.00012009
0.00012012
0.00012267
0.00029599
0.00085378
0.0001178
0.00012037
0.00012414
0.00012009
0.00011505
0.00012008
0.00012436
0.00011522
0.00011941
0.00012027
0.00012031
0.00012008
0.000117
0.0001201
0.00012029
0.00011988
0.00012081
0.00011952
0.00012017
0.00012017
0.0001385
0.00012009
0.00012016
0.00012009
0.00012009
0.0001406
0.00012009
0.0001201
0.00012009
0.00014088
0.00012009
0.00012012
0.00012009
0.00012009
0.00013581
0.00012051
0.00012009
0.00012006
-0.0016107
0.00012009
0.00012012
0.00012011
0.00012016
0.00011136
8.4479e-05
0.00010632
5.7869e-05
0.00012003
4.1944e-05
0.00010822
0.00012001
0.00012009
0.00012013
0.00012009
0.00012011
0.00086161
0.00012915
0.00012463
0.00011514
0.0013985
0.00012123
0.00013857
6.3944e-05
0.0017933
8.7335e-05
4.3436e-05
0.00012004
0.0001157
0.00015013
0.00014246
0.00012409
0.0001232
0.00011876
0.00012033
0.00012082
0.00012251
0.00011954
0.00011898
0.00011958
0.00012439
0.00012012
0.00016542
0.00012009
0.0001201
0.00012009
0.0001201
0.00012011
0.0001349
0.00012076
0.00012003
0.0001268
-0.0011603
0.00013218
0.00017125
0.00011173
0.00012868
0.00013217
0.00012639
0.00012384
0.00012102
0.00023562
0.00073054
0.0009492
2.7032e-05
6.6606e-05
0.00010294
0.00013184
0.00012004
0.00012009
0.00011924
0.00013596
0.00012272
0.00023525
0.00012008
0.00012
0.00010499
0.0001175
0.00011926
0.00012208
0.00015904
0.00011971
0.00012009
0.00012012
0.00012013
0.00011873
0.00012013
0.00012414
0.00012009
0.00012009
0.00012011
0.00012019
0.00012009
0.0001201
0.00012009
0.00012033
0.00012009
0.0001135
-0.00016296
0.0001192
0.00014151
-3.8085e-05
-0.00023489
-0.00033919
0.00012009
0.0005295
0.0001245
0.00012605
0.0001208
0.00011612
0.00011878
0.00013551
0.00011778
-4.7045e-07
-2.8471e-05
0.00011849
0.00011875
0.00012013
0.00055964
0.00037202
0.00012515
0.00012073
0.00022217
0.00035356
0.00012217
0.00011877
-0.00049656
0.0001304
0.00012049
0.0001204
0.00011906
0.00011656
0.00012641
0.00010698
0.00011988
0.00012008
0.00012333
0.00012009
9.2237e-05
0.00012009
0.00012009
0.00012009
0.00012009
0.00012009
0.00012129
0.00012009
0.00032413
0.00012009
0.00012009
0.00012009
0.00012009
0.00012009
0.00012009
0.00012722
0.00012014
0.00012433
0.00012212
0.0001227
0.00017005
0.00012009
0.00012009
0.00012009
0.00012009
0.0001197
0.00011916
0.00012209
0.00012009
0.00012006
0.00012009
0.00012009
0.00012009
0.00012129
0.00012009
0.00012009
0.00012051
0.00012319
