0.005983
-0.0021105
-0.0021057
-0.0034814
-0.0021091
-0.0021223
-0.002247
-0.0023596
-0.0033737
-0.0045458
-0.0021104
-0.0022706
-0.0025846
-0.0036006
-0.0021124
-0.0033095
-0.0045176
-0.0053262
-0.0023318
-0.0023114
-0.0021162
-0.0026019
-0.0021047
-0.0021565
-0.0039637
-0.0021201
-0.0021104
-0.0021078
-0.0021105
-0.0021496
-0.0021105
-0.0024027
-0.0027375
-0.0041249
-0.002112
-0.0032832
-0.0042897
-0.0058565
-0.0034248
-0.0021106
-0.001232
-0.0021454
-0.0017822
-0.0021104
-0.0021105
-0.0021105
-0.0021105
-0.0021105
-0.0037585
-0.0028052
-0.002556
-0.0021108
-0.0021111
-0.0021105
-0.0021105
-0.0021105
-0.0021106
-0.0021105
-0.0021105
-0.0021105
-0.0020968
-0.002109
-0.0021105
-0.0021109
-0.002111
-0.0027384
-0.0022017
-0.0021105
-0.0021106
-0.0025727
-0.0021255
-0.0021106
-0.0021105
-0.0021112
-0.0021105
-0.0022579
-0.0025905
-0.0031756
-0.0021161
-0.0021343
-0.0021105
-0.0022196
-0.0021105
-0.0028692
-0.0031309
-0.0021105
-0.0021399
-0.0021829
-0.0021137
-0.002272
-0.0021481
-0.0021206
-0.0032191
-0.0026104
-0.002458
-0.0042365
-0.0052904
-0.0022235
-0.0021105
-0.0021745
-0.002146
-0.0021787
-0.0023469
-0.0021166
-0.0021286
-0.0022721
-0.0032618
-0.0021106
-0.0021109
-0.0038684
-0.0021128
-0.0024776
-0.0022625
-0.0040613
-0.0032328
-0.0021105
-0.0021111
-0.0021105
-0.002112
-0.0025965
-0.0023606
-0.0021105
-0.002113
-0.002112
-0.0028531
-0.0021105
-0.0021153
-0.0021105
-0.0021137
-0.0039213
-0.0022225
-0.0024979
-0.0043038
-0.0037056
-0.002305
-0.0023348
-0.0021105
-0.0039109
-0.0049162
-0.0025908
-0.0021105
-0.0021133
-0.0021105
-0.0021105
-0.0021145
-0.0021934
-0.0021289
-0.0021105
-0.0022347
-0.0021255
-0.0025545
-0.0038979
-0.0021105
-0.0035609
-0.0023011
-0.0021105
-0.0021105
-0.0021123
-0.0022448
-0.0021614
-0.0021282
-0.0021107
-0.0021105
-0.0021105
-0.0021105
-0.0021146
-0.0021105
-0.0026911
-0.0044755
-0.0021106
-0.0022221
-0.0021111
-0.0021109
-0.0022901
-0.0036898
-0.0025487
-0.0021944
-0.002856
-0.0034158
-0.0027604
-0.0021981
-0.0021226
-0.003916
-0.0023126
-0.0024015
-0.0021477
-0.0021105
-0.0039205
-0.0021316
-0.0021105
-0.0021106
-0.0021105
-0.0021234
-0.002695
-0.0021729
-0.0025069
-0.0021105
-0.0021205
-0.0022063
-0.0021356
-0.0027681
-0.0021117
-0.0023049
-0.0032752
-0.0021993
-0.0022278
-0.0021128
-0.0039234
-0.002918
-0.0022121
-0.0033239
-0.0042944
-0.0026095
-0.0021143
-0.0025193
-0.0040967
-0.0021105
-0.0021105
-0.0021105
-0.0021111
-0.0021105
-0.0023012
-0.0021108
-0.0021751
-0.0021517
-0.0026609
-0.0036644
-0.0021513
-0.0023389
-0.0021105
-0.0021105
-0.0021105
-0.0021741
-0.0021105
-0.002229
-0.0021105
-0.0021978
-0.0021622
-0.0022732
-0.0021105
-0.0021105
-0.0021313
-0.0021162
-0.002111
-0.0021105
-0.0021153
-0.0021884
-0.002112
-0.0021106
-0.002129
-0.0028627
-0.0021105
-0.0021105
-0.0021086
-0.0021105
-0.0021201
-0.0027613
-0.0021106
-0.002114
-0.0021823
-0.0021106
-0.0025487
-0.0021106
-0.0021165
-0.0021131
-0.0021102
-0.0020946
-0.0020765
-0.0021098
-0.0033165
-0.0021105
-0.002167
-0.0021153
-0.0021109
-0.0021109
-0.0021367
-0.0024469
-0.0026119
-0.0030443
-0.0021173
-0.0021105
-0.0021105
-0.0019892
-0.0021105
-0.0021515
-0.0022142
-0.002346
-0.0026796
-0.0020877
-0.0021628
-0.0021144
-0.0021105
-0.002122
-0.0021062
-0.0021098
-0.0028556
-0.0023583
-0.0027311
-0.0015308
-0.0027421
-0.0020492
-0.0025546
-0.0039032
-0.0021364
-0.0021104
-0.0022045
-0.0021251
-0.0021694
-0.0021247
-0.0019932
-0.0024015
-0.0026121
-0.0027616
-0.0051578
-0.0020566
-0.0021073
-0.0033453
-0.0021359
-0.0021154
-0.0022698
-0.003207
-0.0021105
-0.0021105
-0.0021094
-0.0021347
-0.0022262
-0.0021024
-0.0020855
-0.0021047
-0.0021103
-0.0014342
0.0016838
0.0006383
-0.0021541
-0.0027558
-0.0021046
-0.0020626
-0.0021083
-0.002069
-0.0019833
-0.0018959
-0.0015552
-0.0017105
-0.0075509
0.00064993
-0.0047285
0.0035155
-0.0016449
-0.0021079
-0.0026429
0.0024435
-0.0021105
-0.0021103
-0.002097
-0.0021091
-0.0021076
-0.0021485
-0.0039591
-0.0021814
-0.0021105
-0.001904
-0.0021414
-0.0024927
-0.0027299
-0.0037758
-0.0021105
-0.0021105
-0.0021249
-0.0021617
-0.0028517
-0.0021105
-0.0021115
-0.0021783
-0.0025111
-0.0026896
-0.0022076
-0.0028985
-0.0039669
-0.0033978
-0.0021574
-0.0033605
-0.0021105
-0.0022778
-0.0021105
-0.0029846
-0.0033188
-0.0046319
-0.0021082
-0.0021089
-0.0021105
-0.0027989
-0.0021105
-0.0021105
-0.0021099
-0.0020721
-0.0012648
-0.0012119
-0.013755
-0.002089
-0.0021072
-0.0028769
-0.0021716
-0.0017511
-0.0026666
-0.0023095
-0.0020787
-0.0019829
-0.0022866
-0.0025115
-0.0022898
-0.0029936
-0.0021455
-0.0031862
-0.0017449
-0.0020761
-0.00211
-0.0028554
-0.0021837
-0.0022011
-0.0020985
-0.0021071
-0.0021105
-0.0021094
-0.0021252
-0.0021449
-0.0021617
-0.002437
-0.0019972
-0.002412
-0.0058368
-0.0034951
-0.0024297
-0.0021674
-0.0022678
-0.0021461
-0.0020123
-0.0021105
-0.0021105
-0.0024267
-0.0021105
-0.002151
-0.0021105
-0.0021076
-0.0021056
-0.0021105
-0.0021178
-0.0021484
-0.0021141
-0.0021147
-0.0021105
-0.0021105
-0.0021106
-0.0021121
-0.0022433
-0.0021105
-0.0021223
-0.0021307
-0.0021105
-0.0021164
-0.0021157
-0.002138
-0.0021105
-0.0021105
-0.0021105
-0.0021124
-0.0021122
-0.0024066
-0.0021036
-0.002123
-0.0021897
-0.0029891
-0.0021149
-0.0021119
-0.0021112
-0.0021105
-0.0021105
-0.0021108
-0.0021105
-0.0021144
-0.0021084
-0.0021108
-0.0021463
-0.0021229
-0.0021105
-0.0021091
-0.0021102
-0.0021105
-0.0021109
-0.0021104
-0.0021371
-0.0021952
-0.0021118
-0.0021105
-0.0021121
-0.0021107
-0.0021105
-0.0035584
-0.0051
-0.0021253
-0.0021094
