-0.00026536
-0.0010512
-0.0010488
-0.001734
-0.0010504
-0.0010571
-0.0011191
-0.0011752
-0.0016803
-0.0022641
-0.0010511
-0.0011309
-0.0012873
-0.0017934
-0.0010527
-0.0016487
-0.0022505
-0.0026532
-0.0011614
-0.0011512
-0.001054
-0.0012959
-0.001046
-0.0010693
-0.0019694
-0.001056
-0.0010511
-0.0010498
-0.0010512
-0.0010707
-0.0010512
-0.0011967
-0.0013635
-0.0020545
-0.0010519
-0.0016353
-0.0021365
-0.0029169
-0.0017058
-0.0010512
-0.00027542
-0.0010685
-0.0010354
-0.0010512
-0.0010512
-0.0010512
-0.0010512
-0.0010512
-0.001872
-0.0013972
-0.0012731
-0.0010513
-0.0010513
-0.0010512
-0.0010512
-0.0010512
-0.0010512
-0.0010512
-0.0010512
-0.0010512
-0.0010443
-0.0010504
-0.0010512
-0.0010514
-0.0010514
-0.0013639
-0.0010966
-0.0010512
-0.0010512
-0.0012814
-0.0010586
-0.0010512
-0.0010512
-0.0010515
-0.0010512
-0.0011246
-0.0012903
-0.0015816
-0.001054
-0.001063
-0.0010512
-0.0011055
-0.0010512
-0.0014291
-0.0015594
-0.0010512
-0.0010658
-0.0010872
-0.0010528
-0.0011316
-0.0010699
-0.0010562
-0.0016033
-0.0013001
-0.0012243
-0.0021101
-0.002635
-0.0011075
-0.0010512
-0.001083
-0.0010689
-0.0010273
-0.0010391
-0.0010542
-0.0010602
-0.0011316
-0.0016246
-0.0010512
-0.0010513
-0.0019267
-0.0010526
-0.0012341
-0.0011269
-0.0020228
-0.0016102
-0.0010512
-0.0010515
-0.0010512
-0.0010519
-0.0012932
-0.0011757
-0.0010512
-0.0010524
-0.0010519
-0.0014211
-0.0010512
-0.0010536
-0.0010512
-0.0010528
-0.0019531
-0.001107
-0.0012441
-0.0021436
-0.0018456
-0.001148
-0.0011629
-0.0010512
-0.0019479
-0.0024486
-0.0012904
-0.0010512
-0.0010525
-0.0010512
-0.0010512
-0.0010532
-0.0010924
-0.0010603
-0.0010512
-0.001113
-0.0010586
-0.0012723
-0.0019414
-0.0010512
-0.0017735
-0.0011461
-0.0010512
-0.0010512
-0.0010521
-0.001118
-0.0010765
-0.00106
-0.0010512
-0.0010512
-0.0010512
-0.0010512
-0.0010532
-0.0010512
-0.0013404
-0.0022291
-0.0010512
-0.0011068
-0.0010515
-0.0010514
-0.0011406
-0.0018378
-0.0012694
-0.0010929
-0.0014225
-0.0017013
-0.0013749
-0.0010948
-0.0010572
-0.0019504
-0.0011518
-0.0011961
-0.0010697
-0.0010512
-0.0019527
-0.0010617
-0.0010512
-0.0010512
-0.0010512
-0.0010576
-0.0013423
-0.0010823
-0.0012486
-0.0010512
-0.0010561
-0.0010989
-0.0010637
-0.0013787
-0.0010518
-0.001148
-0.0016313
-0.0010954
-0.0011096
-0.0010523
-0.0019541
-0.0014533
-0.0011018
-0.0016555
-0.0021389
-0.0012997
-0.001053
-0.0012548
-0.0020404
-0.0010512
-0.0010512
-0.0010512
-0.0010515
-0.0010512
-0.0011461
-0.0010513
-0.0010833
-0.0010717
-0.0013253
-0.0018251
-0.0010715
-0.0011649
-0.0010512
-0.0010512
-0.0010512
-0.0010828
-0.0010512
-0.0011102
-0.0010512
-0.0010946
-0.0010769
-0.0011322
-0.0010512
-0.0010512
-0.0010615
-0.001054
-0.0010514
-0.0010512
-0.0010535
-0.00109
-0.0010519
-0.0010512
-0.0010604
-0.0014258
-0.0010512
-0.0010512
-0.0010502
-0.0010512
-0.0010559
-0.0013753
-0.0010512
-0.0010529
-0.0010869
-0.0010512
-0.0012694
-0.0010512
-0.0010542
-0.0010525
-0.001051
-0.0010432
-0.0010342
-0.0010508
-0.0016518
-0.0010512
-0.0010793
-0.0010536
-0.0010514
-0.0010514
-0.0010642
-0.0012187
-0.0013009
-0.0015163
-0.0010576
-0.0010512
-0.0010512
-0.0010304
-0.0010512
-0.0010716
-0.0011535
-0.0011866
-0.0013364
-0.0010383
-0.0010436
-0.0010514
-0.0010512
-0.0010569
-0.0010484
-0.0010508
-0.001037
-0.0013028
-0.0016992
-0.0005224
-0.0011198
-0.0010172
-0.0012724
-0.0019441
-0.0010642
-0.0010511
-0.001098
-0.0010585
-0.0010805
-0.0010681
-0.00091578
-0.0011897
-0.0012983
-0.0013717
-0.00074518
-0.0010841
-0.0011049
-0.0017151
-0.0010673
-0.0010537
-0.0011308
-0.0012879
-0.0010512
-0.0010512
-0.0010506
-0.0010632
-0.0011674
-0.0010472
-0.001046
-0.0010476
-0.0010511
-0.00048661
-0.00099835
-0.0011442
-0.00098201
-0.0013367
-0.0010479
-0.0010236
-0.0010501
-0.001026
-0.00077443
-0.00092205
-0.00073034
-0.00029932
-0.001151
0.0014361
-0.0012268
-0.0034166
-0.00059424
-0.0010473
-0.0013155
0.0035772
-0.0010512
-0.0010511
-0.0010508
-0.0010505
-0.0010497
-0.0010022
-0.001904
-0.0010841
-0.0010512
-0.00082187
-0.0010388
-0.0011997
-0.0013589
-0.0018797
-0.0010512
-0.0010512
-0.0010584
-0.0010766
-0.0014203
-0.0010512
-0.0010517
-0.0010849
-0.0012507
-0.0013396
-0.0010995
-0.0014436
-0.0019758
-0.0016923
-0.0010746
-0.0016738
-0.0010512
-0.0011345
-0.0010512
-0.0014865
-0.001653
-0.002307
-0.0010509
-0.001051
-0.0010512
-0.001394
-0.0010512
-0.0010511
-0.0010509
-0.0010265
-0.00054603
-0.0010229
-0.014397
-0.0010453
-0.0010498
-0.0014334
-0.0011243
-0.0008246
-0.0012522
-0.0011601
-0.0010353
-0.00094329
-0.001084
-0.0016029
-0.0012931
-0.0015649
-0.0010627
-0.0015795
-0.001039
-0.0010227
-0.0010509
-0.0014221
-0.0010874
-0.0010952
-0.0010472
-0.0010523
-0.001051
-0.0010507
-0.0010585
-0.0010506
-0.001059
-0.0011843
-0.00098876
-0.001205
-0.0049059
-0.002056
-0.0011862
-0.0011051
-0.0013089
-0.0010854
-0.00096657
-0.0010512
-0.0010512
-0.0012087
-0.0010512
-0.0010713
-0.0010512
-0.0010497
-0.0010487
-0.0010512
-0.0010548
-0.00107
-0.001053
-0.0010533
-0.0010512
-0.0010512
-0.0010512
-0.0010519
-0.0011173
-0.0010512
-0.0010571
-0.0010612
-0.0010512
-0.0010541
-0.0010538
-0.0010649
-0.0010512
-0.0010512
-0.0010512
-0.0010521
-0.001052
-0.0011987
-0.0010477
-0.0010574
-0.0010906
-0.0014888
-0.0010534
-0.0010519
-0.0010515
-0.0010512
-0.0010512
-0.0010513
-0.0010512
-0.0010531
-0.0010503
-0.0010513
-0.001069
-0.0010574
-0.0010512
-0.0010512
-0.001051
-0.0010512
-0.0010514
-0.0010511
-0.0010644
-0.0010935
-0.0010518
-0.0010512
-0.0010518
-0.0010513
-0.0010512
-0.0017723
-0.0025401
-0.0010586
-0.0010514
