-0.017624
-0.01084
-0.017624
-0.017625
-0.026847
-0.01751
-0.024935
-0.162
-0.017066
-0.021709
-0.017735
-0.015005
-0.0053231
-0.017633
-0.017718
-0.0098942
-0.014652
-0.017371
-0.017568
-0.017603
-0.076312
-0.017607
-0.01762
-0.017214
-0.011909
-0.017521
-0.017653
-0.017624
-0.017797
-0.017624
-0.017634
-0.017624
-0.017666
-0.017979
-0.017624
-0.017725
-0.017625
-0.016236
-0.017566
-0.017763
-0.018034
-0.018441
-0.017791
-0.017629
-0.016772
-0.017624
-0.020497
-0.01941
-0.018402
-0.017624
-0.01854
-0.017632
-0.043201
-0.016556
-0.017635
-0.020635
-0.027941
-0.018966
-0.017694
-0.017993
-0.017106
-0.017563
-0.018281
-0.017678
-0.018416
0.11302
-0.017901
-0.017549
-0.017384
-0.019189
-0.021012
-0.017684
-0.017631
-0.016495
-0.017603
-0.015063
-0.018412
-0.017181
-0.019022
-0.017641
-0.019013
-0.017927
-0.016337
-0.017401
-0.030592
-0.017679
-0.017622
-0.01728
-0.0069263
-0.017625
-0.017638
-0.017083
-0.016652
-0.02024
-0.0164
-0.018862
0.0090108
-0.017614
-0.044457
0.10466
-0.014551
-0.017492
-0.017549
-0.016292
-0.018173
0.068486
-0.067355
-0.015861
-0.019835
-0.044699
-0.016399
-0.014
-0.018164
-0.015355
-0.017625
-1.5109e-05
-0.017623
-0.017574
-0.017609
-0.017624
-0.01786
-0.017637
-0.019992
-0.017621
-0.017623
-0.017624
-0.017623
-0.016544
-0.017625
-0.017601
-0.017624
-0.015238
-0.019527
-0.018489
-0.017365
-0.017172
0.0084466
-0.014191
-0.017741
-0.017714
-0.017952
-0.017773
-0.021908
-0.016158
-0.023685
-0.023777
-0.016877
-0.017903
-0.017483
-0.016285
-0.017624
-0.017624
-0.017628
-0.017624
-0.017667
-0.017406
-0.020266
-0.018051
-0.017622
-0.017653
-0.017533
-0.027178
-0.013961
-0.020402
-0.019044
-0.01683
-6.5495e-05
-0.017736
-0.017747
-0.017529
-0.016788
-0.017669
-0.01758
-0.033212
-0.015957
-0.017766
-0.020772
-0.02023
-0.016197
-0.093077
-0.10725
-0.03146
-0.068759
-0.017869
-0.017791
-0.017832
-0.01823
0.018029
-0.021138
-0.02434
-0.015716
-0.017745
-0.018541
-0.017624
-0.017674
-0.015593
-0.018181
-0.017624
-0.023521
-0.016914
-0.017249
-0.021022
-0.016734
-0.017635
-0.01783
-0.017621
-0.02229
-0.017646
-0.017622
-0.017649
-0.032045
-0.017628
-0.017327
-0.017643
-0.018381
-0.016783
-0.017598
-0.017624
-0.015
-0.017624
-0.017624
-0.017624
-0.017628
-0.017626
-0.018357
-0.017624
-0.017629
-0.017624
-0.017718
-0.017624
-0.017722
-0.017803
-0.017631
-0.017611
-0.017832
-0.017647
-0.017397
-0.017624
-0.017617
-0.018334
-0.01812
-0.01786
-0.017961
-0.020544
-0.033156
-0.040448
-0.017624
-0.017624
-0.017696
-0.017671
-0.01764
-0.018356
-0.017992
-0.019204
-0.017624
-0.018145
-0.017331
-0.011786
-0.017624
-0.017661
-0.017462
-0.019549
-0.017641
-0.017848
-0.019274
-0.01945
-0.017655
-0.017588
-0.017624
-0.017654
-0.018387
-0.017738
-0.018439
-0.017624
-0.017624
-0.017624
-0.018996
-0.017625
-0.017844
-0.022358
-0.017267
-0.01735
-0.017473
-0.017621
-0.017624
-0.017398
-0.017378
-0.017667
-0.017668
-0.030049
-0.015518
-0.017635
-0.017622
-0.091303
-0.01829
-0.017624
-0.018443
-0.014814
-0.015275
-0.017629
-0.017656
-0.017624
-0.017624
-0.017646
-0.007297
-0.017651
-0.017702
-0.017633
-0.018005
-0.022238
-0.020109
-0.01769
-0.017624
-0.017621
-0.017636
-0.017715
-0.017621
-0.017653
-0.018071
-0.017624
-0.017624
-0.016542
-0.019853
-0.0043356
-0.015983
-0.020229
-0.018648
2.6016e-05
-0.016629
-0.017832
-0.017505
-0.017691
-0.018997
-0.019056
-0.017834
-0.017284
-0.019596
-0.017624
-0.041904
-0.074108
-0.018142
-0.018081
-0.017171
-0.017625
0.1636
-0.056336
-0.021294
-0.017176
-0.026951
-0.04581
-0.032688
-0.017647
-0.017624
-0.017132
-0.01653
-0.015455
-0.012665
-0.018148
-0.0182
-0.019603
-0.017631
-0.017871
-0.017625
-0.017616
-0.021562
-0.021529
-0.017624
-0.017625
-0.017875
-0.017625
-0.017624
-0.017651
-0.017561
-0.017154
-0.017624
-0.017685
-0.017644
-0.017624
-0.017624
-0.017623
-0.018094
-0.017015
-0.017624
-0.022887
-0.017621
-0.017624
-0.017624
-0.017624
-0.017624
-0.017624
-0.023263
-0.013686
-0.017679
-0.020118
-0.017619
-0.020058
-0.017625
-0.017623
0.0063692
-0.017472
-0.017928
-0.019443
-0.017936
-0.017627
-0.0038887
-0.017636
-0.017745
-0.018483
-0.020739
-0.013662
-0.021806
-0.012609
-0.014226
-0.017607
-0.019733
-0.017651
-0.02037
-0.023564
-0.019289
-0.019818
-0.017624
-0.017867
-0.016935
-0.017617
-0.017676
-0.017631
-0.017337
-0.018048
-0.03796
-0.0085965
-0.017994
-0.022517
-0.017413
-0.017647
-0.017941
-0.017578
-0.017624
-0.017407
-0.017634
-0.012909
-0.019249
-0.02402
-0.020952
-0.020343
-0.017644
-0.018451
-0.02585
-0.026242
-0.019443
-0.013884
-0.017851
-0.0085873
-0.016875
-0.02156
-0.017684
-0.018987
-0.018762
-0.02131
0.0046733
-0.011807
-0.018495
-0.025284
-0.0085886
-0.01699
-0.016094
-0.0078318
-0.017596
-0.021211
-0.017592
0.01141
-0.018756
-0.017253
-0.018385
-0.016022
-0.017094
-0.019217
-0.018811
-0.017824
-0.021482
-0.017564
-0.018844
-0.016596
-0.017631
-0.017851
-0.018027
-0.017618
-0.017625
-0.024007
-0.023441
-0.019124
-0.017595
-0.017682
0.0041001
-0.017707
-0.012301
-0.017637
-0.022138
-0.017622
-0.017624
-0.017625
