-0.019235
-0.00085885
-0.0010519
-0.0010508
-0.0010512
-0.0010512
-0.0010512
-0.0010525
-0.0010393
-0.001043
-0.0010511
-0.0010512
-0.0010512
-0.0010513
-0.0010512
-0.0015029
-0.0014176
-0.0010512
-0.0010511
-0.0010669
-0.0011541
-0.001061
-0.001151
-0.0010512
-0.0010515
-0.0010512
-0.0010512
-0.0010512
-0.0011193
-0.0010512
-0.0011356
-0.0010512
-0.0014647
-0.0011456
-0.001181
-0.0011672
-0.0010512
-0.001065
-0.0010827
-0.0015339
-0.0013982
-0.0010537
-0.0010512
-0.0010512
-0.0010522
-0.0015259
-0.0019812
-0.0010512
-0.0010626
-0.0010555
-0.0010607
-0.0011813
-0.0010512
-0.0010518
-0.0011491
-0.001619
-0.0011325
-0.0010802
-0.0018116
-0.0011263
-0.0015013
-0.0010512
-0.0010512
-0.0010567
-0.0010523
-0.0010516
-0.0011027
-0.0013917
-0.0013025
-0.0010782
-0.001534
-0.0012239
-0.0010752
-0.0010512
-0.0010547
-0.001055
-0.0010522
-0.0010527
-0.0011005
-0.0012905
-0.0010512
-0.0010514
-0.0014795
-0.0010554
-0.0010515
-0.0010534
-0.0010975
-0.0010512
-0.0010512
-0.0010684
-0.0010536
-0.0011126
-0.0010977
-0.0018532
-0.0021799
-0.0011323
-0.0010516
-0.0010801
-0.0010578
-0.0011898
-0.0010781
-0.0010512
-0.0010512
-0.0011831
-0.0013388
-0.0010531
-0.0016091
-0.001051
-0.0010512
-0.0010517
-0.0010456
-0.0010707
-0.0010515
-0.0010513
-0.0011042
-0.0010514
-0.0010474
-0.00085639
-0.00097239
-0.0010217
-0.0010988
-0.0010512
-0.0010511
-0.00097599
-0.0024213
-0.0012689
-0.00013817
-0.0011378
-0.0010512
-0.0010514
-0.0010906
-0.0013657
-0.0010941
-0.0013503
-0.0010864
-0.0010512
-0.0010512
-0.0010512
-0.0010512
-0.0010512
-0.0010512
-0.0010519
-0.0016797
-0.0010771
-0.0010513
-0.0010764
-0.0011358
-0.0010512
-0.0010512
-0.0011084
-0.00107
-0.0010512
-0.0010513
-0.001071
-0.0010512
-0.0010538
-0.0010512
-0.0010512
-0.0012571
-0.0010512
-0.0010512
-0.0010512
-0.0010512
-0.0010512
-0.0010512
-0.001081
-0.0010512
-0.0010586
-0.0012868
-0.0010985
-0.0012782
-0.0010512
-0.0018641
-0.0010524
-0.0010512
-0.0010512
-0.0010513
-0.0010533
-0.001206
-0.0010512
-0.0010512
-0.0010512
-0.0010512
-0.0010512
-0.0016399
-0.001148
-0.0011966
-0.0011423
-0.0010512
-0.0010512
-0.0010527
-0.0010733
-0.0011243
-0.001513
-0.0010512
-0.0010512
-0.0011354
-0.0010512
-0.0010531
-0.0010512
-0.0011003
-0.0011197
-0.0010529
-0.0011026
-0.001194
-0.0010512
-0.0010557
-0.0011419
-0.001056
-0.0011626
-0.0010512
-0.0010512
-0.0010512
-0.0011033
-0.0010512
-0.0010512
-0.001054
-0.0010541
-0.0010512
-0.0010666
-0.0010529
-0.0010658
-0.0012443
-0.001438
-0.0012981
-0.0010512
-0.0010514
-0.0010512
-0.0011998
-0.0010512
-0.0010514
-0.0010538
-0.0010597
-0.0014684
-0.001133
-0.001138
-0.0012691
-0.0010926
-0.0010689
-0.0010515
-0.0011174
-0.0015
-0.0011056
-0.0012884
-0.0011929
-0.001195
-0.0010568
-0.0010533
-0.0013242
-0.0010512
-0.0010512
-0.0010512
-0.0011467
-0.0010512
-0.0010512
-0.0014148
-0.0010514
-0.0010512
-0.0010514
-0.001081
-0.0010512
-0.0010513
-0.0014818
-0.0022033
-0.0022086
-0.0010512
-0.0010514
-0.0010603
-0.0010512
-0.0010512
-0.0010723
-0.0010512
-0.0010512
-0.0010513
-0.0011047
-0.0011314
-0.0010513
-0.001052
-0.0010706
-0.0011852
-0.0012225
-0.0011608
-0.0012691
-0.0010726
-0.0010523
-0.0010512
-0.0010544
-0.0015768
-0.0010559
-0.0010512
-0.0010884
-0.001062
-0.0010512
-0.0010513
-0.0010512
-0.0010512
-0.0010512
-0.0010512
-0.0011253
-0.0011449
-0.0011804
-0.0012978
-0.0010527
-0.0010512
-0.0010512
-0.0010513
-0.0010842
-0.0010512
-0.0010512
-0.0010618
-0.0010858
-0.0011258
-0.0010512
-0.0010632
-0.0010953
-0.0012173
-0.0010512
-0.0010524
-0.0010623
-0.0011647
-0.0010513
-0.0010515
-0.0012779
-0.0010512
-0.0010512
-0.0011008
-0.0010512
-0.0010512
-0.0010543
-0.0010517
-0.0010512
-0.0010668
-0.0010512
-0.0010546
-0.0011643
-0.0010512
-0.00060193
-0.0010477
-0.0012883
-0.0009124
-0.0010547
-0.0011023
-0.0010621
-0.0016181
-1.0207e-06
9.5454e-05
-0.00096551
-0.0010512
-0.0014839
-0.0012099
-0.0010549
-0.0010544
-0.0010531
-0.0010512
-0.0015288
-0.0010537
-0.0010542
-0.0010544
-0.0010512
-0.0010512
-0.0010517
-0.0010512
-0.0010922
-0.0013883
-0.0012639
-0.002026
-0.0019939
-0.0011835
-0.0010902
-0.001056
-0.0016726
-0.0012007
-0.0010764
-0.0011263
-0.0015359
-0.0022347
-0.0010759
-0.0010512
-0.001069
-0.0010612
-0.0011587
-0.0018709
-0.0011606
-0.0014777
-0.0017642
-0.0013098
-0.0014645
-0.0013771
-0.0010513
-0.0010512
-0.0010512
-0.0010512
-0.0010513
-0.0011441
-0.0010512
-0.0010512
-0.0010948
-0.0011142
-0.001053
-0.0010543
-0.0010568
-0.0011184
-0.00158
-0.0014687
-0.0010553
-0.0010623
-0.0010808
-0.0010526
-0.0014607
-0.0011525
-0.0010575
-0.0013998
-0.0010646
-0.0010512
-0.0011412
-0.001138
-0.0010971
-0.0011772
-0.0011271
-0.0010515
-0.0010623
-0.0010529
-0.0012562
-0.0014194
-0.0010579
-0.0013794
-0.0010526
-0.0017953
-0.0010745
-0.0017171
-0.0011058
-0.0013681
-0.0010882
-0.0012474
-0.0013064
-0.0016153
-0.0018987
-0.0013742
-0.0017727
-0.0010968
-0.001134
-0.0015379
-0.0011398
-0.0010568
-0.0017762
-0.0019386
-0.0014844
-0.0019957
-0.0010552
-0.0010516
-0.001755
-0.0020229
-0.0011971
-0.0010898
-0.0010514
-0.0011199
-0.0011071
-0.0010512
-0.001075
-0.0010512
-0.0010512
-0.001109
-0.0016101
-0.0010512
-0.0010512
-0.0010512
-0.0010552
-0.0014297
-0.0010512
-0.0011188
-0.0010512
-0.0011486
-0.0013366
-0.0010589
-0.0012794
-0.0010512
-0.0010512
-0.0010538
-0.001056
-0.0012712
-0.0011185
-0.0010512
-0.0010803
-0.0015607
-0.0013956
-0.0010512
-0.0010512
-0.0010514
-0.0010843
-0.0010575
-0.0010512
-0.0010552
-0.0011439
-0.0010742
-0.0010711
-0.0010564
-0.0010525
-0.0010573
-0.001085
-0.0010557
