-5.5395e-005
-0.00049631
-0.013717
0.00030857
-0.0015355
-0.0025806
-0.00075278
-0.0016913
-0.0019253
-0.0034337
-0.0048764
-0.0024288
-0.0014399
-0.0046456
-0.0060137
-0.0068715
-0.0076157
-0.0060384
-0.0053202
-0.0057394
-0.0065684
-0.0073544
-0.0078042
-0.0081191
-0.036972
-0.042139
-0.043029
0.0010995
0.00012653
0.00042184
-0.00063162
-0.001605
-0.0021103
-0.0024516
-0.0027093
-0.0029162
-0.00294
-0.0035674
-0.0039696
-0.0042605
-0.0044883
-0.0028382
-0.0036539
-0.0011741
-0.0014179
-0.0018424
-0.0022468
-0.0032096
-0.0037121
-0.0040521
-0.004309
-0.0045155
-0.004688
-0.0048363
-0.0049662
-0.0040624
-0.0042323
-0.0021557
-0.0026055
-0.0034708
-0.0039455
-0.0033953
-0.0032769
-0.0042518
-0.0045896
-0.005252
-0.0056584
-0.0059515
-0.0061806
-0.0063688
-0.0038139
-0.0042713
-0.0043004
-0.0049141
-0.0053016
-0.0045077
-0.0044646
-0.0048929
-0.0032801
-0.0038501
-0.0032826
-0.0033636
-0.0042524
-0.0047034
-0.0051257
0.015028
0.0011216
-0.0013339
-0.002307
-0.0028123
-0.0026748
-0.0036118
-0.00059548
-0.0059008
-0.0059578
-0.0047545
-0.00066431
-0.0014788
-0.0018518
-0.00032411
-0.0012975
-0.0012307
-0.0019772
-0.002001
-0.0028893
-0.0030713
-0.0026846
-0.0031712
-0.0033751
-0.0040488
-0.0037071
-0.0041634
-0.0026111
-0.0035304
-0.0041266
-0.0041692
-0.0047523
-0.0013619
-0.00073462
-0.0012337
-0.0012681
-0.0017001
-0.0025966
-0.0010058
0.00048107
-0.0004923
-0.00097426
-0.0010038
-0.0016352
-0.0017004
-0.0006133
-0.0015864
-0.002195
0.00039065
-0.00026851
-0.0013723
-0.0021557
-0.0028984
-0.0025458
-0.0032268
-0.00096811
-0.00076883
-0.0010544
-0.0008147
-0.00148
-0.0010507
-0.0019159
-0.00098227
-0.0019557
-0.0015071
-0.0024687
-0.0014054
-0.0023735
-0.0028685
-0.0030472
-0.0018451
-0.0028074
-0.0020381
-0.0029878
-0.0034867
-0.0016053
-0.0023067
-0.00064112
-0.0015879
-0.0023706
-0.0032283
-0.0037101
-0.0041489
-0.0044585
-0.0027882
-0.00087151
-0.0017599
-0.0039543
-0.0031805
-0.0036388
-0.0086669
-0.0098453
-0.0012905
-0.0022639
-0.0022046
-0.0028255
-0.0035791
-0.0031403
-0.0039253
0.00059048
3.5625e-005
-0.00092808
-0.00099551
-0.0019063
-0.00026955
-0.0023571
-0.0028869
-0.0026943
-0.0028431
-0.0037226
-0.0042015
-0.004501
-0.0028003
-0.0037003
-0.0041851
0.00038055
-0.00057152
-0.0014397
-0.0018509
-0.0030594
0.031149
0.031477
0.030672
0.029989
0.029446
0.03109
0.07167
0.030255
0.041428
0.040501
0.040008
0.039672
0.039418
0.027062
0.02621
0.02574
0.025415
0.02634
0.070774
0.030734
0.0436
0.068236
0.068615
0.070075
0.069085
0.06951
0.068645
-0.0017337
-0.0023905
-0.0030811
-0.0038995
-0.0043597
-0.00025439
-0.010131
-0.0094898
-0.01109
0.021045
0.020083
0.025933
0.017561
0.018864
0.018086
0.07623
0.12936
0.11926
0.12124
0.12058
0.087003
0.11404
0.11027
0.10959
0.087911
0.081715
0.081072
0.080674
0.03455
0.070323
0.040525
-0.0011065
0.00012259
-0.0015018
-0.015425
-0.0013576
-0.0012588
-0.0031206
-0.0040913
-0.0010499
-0.0019605
-0.0026999
-0.0010306
-0.002004
-0.0010512
-0.001686
-0.0010001
-0.0025914
-0.0010483
-0.0017646
-0.0037496
-0.0010502
0.00035158
0.0059936
0.0038985
0.0031406
0.0035989
0.00333
0.001549
-0.0011065
-0.0032696
-0.0039776
-0.0025236
0.00022016
-0.00075315
0.0053506
-0.0015084
0.0033236
0.0023667
0.0018658
0.0053595
0.0045192
0.00018153
-0.00079187
-0.0012221
-0.0018907
0.00016934
-0.0009968
-0.0017535
-0.0022971
-0.0027757
0.0029237
0.012266
0.02632
0.038385
0.037456
0.051507
-0.00093425
-0.0010375
-0.0010574
-0.0010076
-0.0010582
-0.0014298
-0.0012623
-0.0017088
-0.0016874
-0.0024413
-0.0025628
-9.8583e-005
-0.00087915
-0.0010501
-0.0010527
-0.0014023
-0.00078914
-0.00093728
-0.0014383
-0.0013901
-0.0023177
-0.0014763
-0.0023088
-0.00040012
-0.0013201
1.4513e-005
-0.00016682
0.00013551
-0.00078309
-0.0010949
-0.0013187
0.00014198
-0.0010743
-0.0020178
-0.0021135
-0.0026039
-0.0029382
-0.0015698
-0.00056184
-0.00094426
-0.0012264
-0.0010748
0.0012653
-0.0010885
-0.0022918
-0.00080645
-0.0015895
-0.0017409
-0.0026666
-0.0031589
-0.002352
0.00017161
-0.0026334
-0.0013833
-0.0025027
-0.0034574
-0.0039079
-0.001873
-0.00018084
-0.0021371
-0.0031055
-0.00099258
-0.0018552
-0.0021216
-0.0015514
0.0034938
-0.0021151
-0.0005983
-0.00065238
-0.0015145
-0.0021469
-0.0020738
-0.00090442
-0.0018772
-0.0018842
-0.0011672
0.0021708
0.0014526
0.00051702
-0.00043251
-0.00058501
-0.017635
-0.018608
-0.0016196
-0.0025791
-0.00048237
-0.0014131
-0.0019068
0.0026892
0.010228
0.0092683
0.01781
0.016851
0.018728
-0.0011572
-0.0018097
-0.0027286
-0.0032189
-0.0035307
-0.003676
0.012704
0.011769
0.011192
0.010761
0.010456
0.010219
0.010026
0.0098625
0.010599
0.010456
0.0097184
0.0089572
0.0085157
0.0022731
0.00062505
-0.00023328
-0.0011137
-0.0015928
-0.0013295
-0.0012673
-0.0016956
-0.001489
-0.0020788
-0.0020153
-0.002987
-0.003492
-0.0026444
-0.0025988
-0.0035223
-0.068483
0.015567
-0.00079254
-0.001777
-0.0024921
-0.0074345
-0.00073492
-0.0017083
-0.0022137
-0.00083976
-0.0018056
-0.00024737
-0.0012197
-0.001713
-0.0012923
-0.078153
-0.079126
-0.079631
-0.079972
-0.08023
-0.00094505
-0.0013102
-0.0018756
-0.0027031
-0.0031383
-0.0036494
-0.0020954
-0.00317
-0.0020526
-0.0030219
-0.0035244
-0.0046975
-0.00096128
-0.00063013
-0.0010231
-0.0016471
-0.0019336
-0.0015923
0.0030527
-0.00066985
-0.0010611
-0.0019361
0.0038475
-0.0011694
-0.0020009
-0.0059369
-0.0028344
0.019422
0.0078007
0.0068419
8.3427e-005
-0.0010486
