0.0059831
-0.0021102
-0.0021054
-0.0034809
-0.0021088
-0.002122
-0.0022466
-0.0023592
-0.0033732
-0.0045451
-0.0021101
-0.0022703
-0.0025842
-0.0036001
-0.0021121
-0.003309
-0.004517
-0.0053254
-0.0023315
-0.002311
-0.0021159
-0.0026015
-0.0021044
-0.0021562
-0.0039631
-0.0021198
-0.0021101
-0.0021075
-0.0021102
-0.0021493
-0.0021102
-0.0024024
-0.0027371
-0.0041242
-0.0021117
-0.0032827
-0.004289
-0.0058556
-0.0034243
-0.0021102
-0.0012317
-0.0021451
-0.0017819
-0.0021101
-0.0021102
-0.0021102
-0.0021102
-0.0021102
-0.0037579
-0.0028048
-0.0025556
-0.0021105
-0.0021108
-0.0021102
-0.0021102
-0.0021102
-0.0021103
-0.0021102
-0.0021102
-0.0021102
-0.0020965
-0.0021086
-0.0021102
-0.0021106
-0.0021106
-0.002738
-0.0022014
-0.0021102
-0.0021103
-0.0025723
-0.0021252
-0.0021103
-0.0021102
-0.0021109
-0.0021102
-0.0022576
-0.0025902
-0.0031751
-0.0021158
-0.002134
-0.0021102
-0.0022192
-0.0021102
-0.0028688
-0.0031304
-0.0021102
-0.0021396
-0.0021825
-0.0021134
-0.0022717
-0.0021477
-0.0021203
-0.0032186
-0.00261
-0.0024577
-0.0042359
-0.0052897
-0.0022232
-0.0021102
-0.0021741
-0.0021457
-0.0021784
-0.0023465
-0.0021163
-0.0021283
-0.0022717
-0.0032613
-0.0021102
-0.0021105
-0.0038678
-0.0021125
-0.0024772
-0.0022621
-0.0040607
-0.0032323
-0.0021102
-0.0021108
-0.0021102
-0.0021117
-0.0025961
-0.0023602
-0.0021102
-0.0021127
-0.0021117
-0.0028527
-0.0021102
-0.002115
-0.0021102
-0.0021134
-0.0039208
-0.0022222
-0.0024975
-0.0043032
-0.003705
-0.0023046
-0.0023345
-0.0021102
-0.0039104
-0.0049154
-0.0025904
-0.0021102
-0.002113
-0.0021102
-0.0021102
-0.0021142
-0.0021931
-0.0021286
-0.0021102
-0.0022344
-0.0021252
-0.0025541
-0.0038973
-0.0021102
-0.0035603
-0.0023007
-0.0021102
-0.0021102
-0.002112
-0.0022444
-0.0021611
-0.0021278
-0.0021103
-0.0021102
-0.0021102
-0.0021102
-0.0021142
-0.0021102
-0.0026907
-0.0044748
-0.0021103
-0.0022218
-0.0021108
-0.0021106
-0.0022898
-0.0036892
-0.0025483
-0.002194
-0.0028555
-0.0034153
-0.00276
-0.0021978
-0.0021223
-0.0039155
-0.0023122
-0.0024011
-0.0021474
-0.0021102
-0.0039199
-0.0021313
-0.0021102
-0.0021102
-0.0021102
-0.002123
-0.0026946
-0.0021726
-0.0025065
-0.0021102
-0.0021201
-0.0022059
-0.0021353
-0.0027677
-0.0021114
-0.0023045
-0.0032747
-0.002199
-0.0022274
-0.0021125
-0.0039228
-0.0029175
-0.0022118
-0.0033234
-0.0042937
-0.0026091
-0.0021139
-0.002519
-0.0040961
-0.0021102
-0.0021102
-0.0021102
-0.0021107
-0.0021102
-0.0023008
-0.0021105
-0.0021748
-0.0021514
-0.0026605
-0.0036639
-0.002151
-0.0023385
-0.0021102
-0.0021102
-0.0021102
-0.0021737
-0.0021102
-0.0022287
-0.0021102
-0.0021975
-0.0021619
-0.0022729
-0.0021102
-0.0021102
-0.0021309
-0.0021159
-0.0021107
-0.0021102
-0.0021149
-0.0021881
-0.0021117
-0.0021103
-0.0021287
-0.0028623
-0.0021102
-0.0021102
-0.0021083
-0.0021102
-0.0021198
-0.0027609
-0.0021103
-0.0021137
-0.0021819
-0.0021103
-0.0025483
-0.0021103
-0.0021162
-0.0021128
-0.0021099
-0.0020943
-0.0020761
-0.0021095
-0.003316
-0.0021102
-0.0021667
-0.002115
-0.0021106
-0.0021106
-0.0021364
-0.0024465
-0.0026115
-0.0030438
-0.002117
-0.0021102
-0.0021102
-0.0019889
-0.0021102
-0.0021512
-0.0022139
-0.0023456
-0.0026792
-0.0020874
-0.0021625
-0.0021141
-0.0021102
-0.0021217
-0.0021059
-0.0021095
-0.0028553
-0.0023579
-0.0027308
-0.0015305
-0.0027416
-0.002048
-0.0025542
-0.0039026
-0.0021361
-0.0021101
-0.0022041
-0.0021248
-0.002169
-0.0021244
-0.0019928
-0.0024011
-0.0026117
-0.0027612
-0.0051575
-0.0020563
-0.002107
-0.0033448
-0.0021356
-0.0021151
-0.0022695
-0.0032067
-0.0021102
-0.0021102
-0.0021091
-0.0021344
-0.0022258
-0.0021021
-0.0020852
-0.0021044
-0.00211
-0.0014339
0.0016839
0.00063851
-0.0021538
-0.0027554
-0.0021043
-0.0020631
-0.0021079
-0.0020687
-0.001983
-0.0018789
-0.0015186
-0.0017099
-0.0075506
0.00066697
-0.0047281
0.0035366
-0.0016446
-0.0021076
-0.0026425
0.0024439
-0.0021102
-0.00211
-0.0020967
-0.0021088
-0.0021073
-0.0021482
-0.0039585
-0.0021811
-0.0021102
-0.0019037
-0.0021411
-0.0024923
-0.0027295
-0.0037753
-0.0021102
-0.0021102
-0.0021246
-0.0021613
-0.0028513
-0.0021102
-0.0021112
-0.002178
-0.0025107
-0.0026892
-0.0022073
-0.002898
-0.0039663
-0.0033973
-0.0021571
-0.00336
-0.0021102
-0.0022774
-0.0021102
-0.0029842
-0.0033184
-0.0046312
-0.0021079
-0.0021086
-0.0021102
-0.0027984
-0.0021102
-0.0021101
-0.0021096
-0.0020718
-0.0012645
-0.0012081
-0.01374
-0.0020883
-0.0020862
-0.0028472
-0.0021712
-0.0017473
-0.0026611
-0.0023086
-0.0020783
-0.0019825
-0.0022862
-0.0025112
-0.0022895
-0.0029932
-0.0021451
-0.0031858
-0.0017445
-0.0020758
-0.0021097
-0.002855
-0.0021834
-0.0022007
-0.0020982
-0.0021068
-0.0021102
-0.0021091
-0.0021249
-0.0021446
-0.0021614
-0.0024366
-0.0019969
-0.0024117
-0.0058365
-0.0034948
-0.0024293
-0.0021671
-0.0022675
-0.0021458
-0.0020119
-0.0021102
-0.0021102
-0.0024264
-0.0021102
-0.0021507
-0.0021102
-0.0021073
-0.0021053
-0.0021102
-0.0021175
-0.0021481
-0.0021138
-0.0021144
-0.0021102
-0.0021102
-0.0021103
-0.0021117
-0.0022429
-0.0021102
-0.002122
-0.0021304
-0.0021102
-0.0021161
-0.0021154
-0.0021377
-0.0021102
-0.0021102
-0.0021102
-0.0021121
-0.0021119
-0.0024063
-0.0021033
-0.0021227
-0.0021894
-0.0029887
-0.0021146
-0.0021116
-0.0021109
-0.0021102
-0.0021102
-0.0021105
-0.0021102
-0.002114
-0.002108
-0.0021105
-0.002146
-0.0021226
-0.0021102
-0.0021088
-0.0021099
-0.0021102
-0.0021106
-0.0021101
-0.0021368
-0.0021949
-0.0021115
-0.0021102
-0.0021117
-0.0021104
-0.0021102
-0.0035579
-0.0050992
-0.0021249
-0.0021091
