-0.00049704
-0.0010456
-0.0013903
-0.001919
-0.0010517
-0.0010512
-0.0010809
-0.0016268
-0.0010512
-0.0010512
-0.0014119
-0.0010512
-0.0010512
-0.00171
-0.0010534
-0.001597
-0.0010512
-0.0016983
-0.0021388
-0.0010512
-0.0010912
-0.0010512
-0.0014824
-0.0010512
-0.0010526
-0.0010512
-0.0010512
-0.0010512
-0.0010512
-0.0017231
-0.0016182
-0.0010618
-0.0010512
-0.0016931
-0.0017482
-0.0012948
-0.0019204
-0.0023641
-0.0010512
-0.0010723
-0.0010512
-0.0010512
-0.0010512
-0.0010512
-0.0010512
-0.0010512
-0.0010512
-0.0010512
-0.0010512
-0.0010512
-0.0010512
-0.0010512
-0.0010512
-0.0010512
-0.0010513
-0.0010512
-0.0013871
-0.0010512
-0.0010512
-0.0010512
-0.0010512
-0.0010512
-0.0010512
-0.0010512
-0.0010512
-0.0010526
-0.0010512
-0.0010512
-0.0010512
-0.0012081
-0.0010512
-0.0010512
-0.0010512
-0.0010512
-0.0010512
-0.0010512
-0.0010512
-0.0010512
-0.001362
-0.0010512
-0.0010512
-0.0016144
-0.0012163
-0.001517
-0.0010512
-0.0010512
-0.0010512
-0.0016845
-0.0010512
-0.001229
-0.0012747
-0.0010512
-0.0012377
-0.0018668
-0.0010639
-0.0010512
-0.001088
-0.0010512
-0.0010512
-0.0017162
-0.0021002
-0.0010512
-0.0010512
-0.0010512
-0.001095
-0.0010512
-0.0017106
-0.0010512
-0.0010512
-0.0010512
-0.0010512
-0.0016572
-0.0010512
-0.0010512
-0.0010512
-0.0010512
-0.0010512
-0.0012136
-0.0010512
-0.0011065
-0.0010517
-0.0010512
-0.0010512
-0.0010512
-0.0010512
-0.0010512
-0.0010512
-0.0010512
-0.0013485
-0.0010512
-0.0010512
-0.0010512
-0.0017234
-0.0010512
-0.0012654
-0.0010512
-0.0010512
-0.0010512
-0.0010512
-0.0010516
-0.0010512
-0.0010512
-0.0010512
-0.0010512
-0.0010512
-0.0010512
-0.0010707
-0.0010512
-0.0010512
-0.0010512
-0.0010512
-0.0010512
-0.0010512
-0.0010512
-0.0010512
-0.0010512
-0.0010946
-0.0010512
-0.0010512
-0.0013782
-0.0010512
-0.0010512
-0.0010512
-0.0010515
-0.0010512
-0.0010512
-0.0011442
-0.001158
-0.0010512
-0.0010512
-0.0010512
-0.0010512
-0.0015287
-0.0010512
-0.0016769
-0.0020454
-0.0010512
-0.0011076
-0.0012133
-0.001055
-0.0010512
-0.0010512
-0.0010512
-0.0010512
-0.0016913
-0.0010512
-0.0010512
-0.0010512
-0.0010512
-0.0010512
-0.0010512
-0.0010512
-0.0010525
-0.0010512
-0.0010512
-0.0016231
-0.0010512
-0.0011328
-0.0010512
-0.0010512
-0.0017225
-0.0010512
-0.0010512
-0.0010512
-0.0010512
-0.0010512
-0.0010512
-0.0017234
-0.0010512
-0.0010512
-0.0010512
-0.0010512
-0.0016279
-0.0017545
-0.0010512
-0.0017127
-0.0010512
-0.0010512
-0.0010512
-0.0010512
-0.0010512
-0.0010512
-0.0010512
-0.0010512
-0.0010512
-0.0010512
-0.0010512
-0.0010512
-0.0011046
-0.0010512
-0.0010512
-0.0010512
-0.0016162
-0.0010512
-0.0010512
-0.0012199
-0.0010512
-0.0010512
-0.0010512
-0.0010512
-0.0010512
-0.0010517
-0.0015348
-0.0010512
-0.0010512
-0.0010512
-0.0010512
-0.0010512
-0.0010512
-0.0010512
-0.0016923
-0.0010512
-0.0010512
-0.0010512
-0.0010512
-0.0012234
-0.0010512
-0.0010515
-0.0010512
-0.0010512
-0.0010512
-0.0010512
-0.0010512
-0.0010512
-0.0010512
-0.0010512
-0.0010512
-0.0010512
-0.0010512
-0.0010512
-0.0010512
-0.0010512
-0.0013412
-0.0010512
-0.0010512
-0.0010512
-0.0013157
-0.0010512
-0.0010512
-0.0010512
-0.0010512
-0.0010512
-0.0010512
-0.0010512
-0.0010512
-0.0010512
-0.0010513
-0.0010512
-0.0010512
-0.0010512
-0.0010512
-0.0010512
-0.0010512
-0.0010512
-0.0010512
-0.0010512
-0.0010512
-0.0010512
-0.0010512
-0.0010512
-0.0010512
-0.0010512
-0.0010512
-0.0016936
-0.0010512
-0.0010512
-0.0010512
-0.0010512
-0.0010512
-0.0010512
-0.0010512
-0.0010711
-0.0010512
-0.0010512
-0.0010512
-0.0010512
-0.0015953
-0.0010512
-0.0010946
-0.0010512
-0.0010512
-0.0010512
-0.0010512
-0.0010512
-0.001674
-0.0010512
-0.0010512
-0.0010512
-0.0010512
-0.0010512
-0.0010512
-0.0010512
-0.0010512
-0.0010512
-0.0010512
-0.0010512
-0.0010512
-0.0010512
-0.0010512
-0.0010512
-0.0010512
-0.0010512
-0.0010512
-0.0010512
-0.0010512
-0.0010512
-0.0010512
-0.0010512
-0.0010513
-0.0010512
-0.0010512
-0.0010512
-0.0010512
-0.0010512
-0.0010512
-0.0010512
-0.0010512
-0.0017234
-0.0010512
-0.0010512
-0.0010512
-0.0010512
-0.0010512
-0.0010512
-0.0010512
-0.0010512
-0.0010512
-0.0012214
-0.0010512
-0.0010512
-0.0010512
-0.0010512
-0.0010512
-0.0010512
-0.0010512
-0.0010512
-0.0014902
-0.0018287
-0.0010512
-0.0010512
-0.0010512
-0.0010512
-0.0010512
-0.0010512
-0.0010512
-0.0010512
-0.0012532
-0.0010512
-0.0010512
-0.0010512
-0.0010512
-0.0010512
-0.0010512
-0.0010512
-0.0010512
-0.0010512
-0.0010512
-0.0010512
-0.0010512
-0.0010512
-0.0010512
-0.0010512
-0.0010512
-0.0010512
-0.0010632
-0.001254
-0.0010512
-0.0010512
-0.0012171
-0.0010512
-0.0010512
-0.0010512
-0.0010512
-0.0010512
-0.0010512
-0.0010512
-0.001686
-0.0010515
-0.0010512
-0.0010512
-0.0010512
-0.0010635
-0.0010512
-0.0010512
-0.0010512
-0.0010512
-0.0010534
-0.0010512
-0.0010512
-0.0010512
-0.0010512
-0.0010512
-0.0010512
-0.0010512
-0.0010512
-0.0010512
-0.0010512
-0.0010512
-0.0010678
-0.0010512
-0.0010512
-0.0010512
-0.0010512
-0.0010512
-0.0010512
-0.0010512
-0.0010512
-0.0010512
-0.0010512
-0.0010512
-0.0010512
-0.0011072
-0.0010674
-0.0010512
-0.0011149
-0.0010521
-0.0010512
-0.0010512
-0.0010512
-0.0010512
-0.0010512
-0.0010512
-0.0010512
-0.0010512
-0.0010512
-0.0010512
-0.0010688
-0.0010512
-0.0010512
-0.0010632
-0.0016627
-0.002102
-0.0021715
-0.0010564
-0.0010512
-0.0010512
-0.0010512
-0.0010538
-0.0010528
-0.0010512
-0.00113
-0.0010512
-0.0010512
-0.0010512
-0.0010512
-0.0010862
-0.0010512
-0.0010538
-0.0010512
-0.0017119
-0.0010512
-0.0010512
-0.0010879
-0.0010512
-0.0010512
-0.0010512
-0.0010512
-0.0010512
-0.0016278
-0.0010512
