-0.0010512
-0.0010517
-0.0010512
-0.0010512
-0.0010512
-0.0010512
-0.0010512
-0.0010512
-0.0010512
-0.0010626
-0.0010512
-0.0010512
-0.0010512
-0.0010512
-0.0011202
-0.0010512
-0.0010512
-0.0010512
-0.0010542
-0.0010512
-0.0010512
-0.0010512
-0.0010512
-0.0010512
-0.0010512
-0.0010512
-0.0010512
-0.0010512
-0.0010512
-0.0010512
-0.0010512
-0.0010512
-0.0010512
-0.0010512
-0.0010514
-0.0010512
-0.0010512
-0.0010512
-0.0010512
-0.0010512
-0.0010512
-0.0010513
-0.0010512
-0.0010512
-0.0010512
-0.0010512
-0.0010512
-0.0010512
-0.0010512
-0.0010512
-0.0010512
-0.0010512
-0.0010512
-0.0010512
-0.0010512
-0.0010512
-0.0010512
-0.0010512
-0.0010512
-0.0010512
-0.0010512
-0.0010512
-0.0010512
-0.0010512
-0.0010512
-0.0010512
-0.0010512
-0.0010512
-0.0010512
-0.0010512
-0.0010512
-0.0010512
-0.0010512
-0.0010512
-0.0010512
-0.0010512
-0.0010512
-0.0010512
-0.0010512
-0.0010512
-0.0010512
-0.0010512
-0.0010512
-0.0010512
-0.0010512
-0.0010512
-0.0010512
-0.0010512
-0.0010512
-0.0010512
-0.0010512
-0.0010512
-0.0010512
-0.0010512
-0.0010512
-0.0010512
-0.0010512
-0.0010512
-0.0010512
-0.0010512
-0.0010512
-0.0010512
-0.0010512
-0.0010512
-0.0010512
-0.0010512
-0.0010512
-0.0010512
-0.0010512
-0.0010512
-0.0010512
-0.0010512
-0.0010512
-0.0010512
-0.0010512
-0.0010512
-0.0010512
-0.0010512
-0.0010512
-0.0010512
-0.0010512
-0.0010512
-0.0010512
-0.0010512
-0.0010512
-0.0010512
-0.0010512
-0.0010512
-0.0010512
-0.0010512
-0.0010512
-0.0010512
-0.0010512
-0.0010512
-0.0010512
-0.0010512
-0.0010512
-0.0010512
-0.0010512
-0.0010512
-0.0010512
-0.0010512
-0.0016863
-0.0010512
-0.0010512
-0.0010512
-0.0010512
-0.0010512
-0.0010512
-0.0010512
-0.0010512
-0.0010512
-0.0010512
-0.0010551
-0.0010512
-0.0010512
-0.0010512
-0.0010512
-0.0010512
-0.0010512
-0.0010512
-0.0010512
-0.0010512
-0.0010512
-0.0010512
-0.0010522
-0.0010512
-0.0010512
-0.0010512
-0.0010512
-0.0016655
-0.0010512
-0.0010512
-0.0010512
-0.0010512
-0.0010512
-0.0010512
-0.0010512
-0.0017017
-0.0010512
-0.0010512
-0.0010512
-0.0010512
-0.0010512
-0.0010512
-0.0010512
-0.0010512
-0.0010512
-0.0010512
-0.0010512
-0.0010512
-0.0010512
-0.0013714
-0.0010512
-0.0010512
-0.0010512
-0.0010512
-0.0010512
-0.0010512
-0.0010512
-0.0010512
-0.0010512
-0.0010512
-0.0010512
-0.0010512
-0.0010512
-0.0010512
-0.0010512
-0.0010512
-0.0010512
-0.0010512
-0.0010512
-0.0010512
-0.0010512
-0.0010512
-0.0010512
-0.0010512
-0.0010512
-0.0010512
-0.0010512
-0.0010512
-0.0010512
-0.0010512
-0.0010512
-0.0010512
-0.0010512
-0.0010512
-0.0010512
-0.0010512
-0.0010512
-0.0010512
-0.0010512
-0.0010512
-0.0010512
-0.0010512
-0.0010836
-0.0011008
-0.001331
-0.0020098
-0.0010512
-0.0010512
-0.0010512
-0.0010512
-0.0010512
-0.0010512
-0.0010512
-0.0010512
-0.0010512
-0.0010512
-0.0010512
-0.0010512
-0.0010512
-0.0010512
-0.0010512
-0.0010512
-0.0010512
-0.0010512
-0.0010512
-0.0010512
-0.0010512
-0.0010511
-0.0010512
-0.0010512
-0.0010512
-0.0010512
-0.0010513
-0.0010512
-0.0010512
-0.0010512
-0.0010512
-0.0012353
-0.0010512
-0.0010512
-0.0010512
-0.0010512
-0.0011034
-0.0010512
-0.0010512
-0.0010512
-0.0010512
-0.0010512
-0.0013523
-0.0010512
-0.0010512
-0.0010512
-0.0010512
-0.0010512
-0.0014895
-0.001624
-0.0010512
-0.0010512
-0.0010512
-0.0010512
-0.0010512
-0.0010512
-0.0010512
-0.0010512
-0.0010512
-0.0010512
-0.0010512
-0.0010512
-0.0010514
-0.0010512
-0.0010512
-0.0010512
-0.0010512
-0.0010512
-0.0010512
-0.0015877
-0.0010512
-0.0010512
-0.0010512
-0.0010512
-0.0010512
-0.0010512
-0.0010512
-0.0010512
-0.0010512
-0.0010512
-0.0010512
-0.0010512
-0.0010512
-0.0010512
-0.0010512
-0.0010512
-0.0010512
-0.0010512
-0.0010512
-0.0010512
-0.0010512
-0.0010512
-0.0010512
-0.0010512
-0.0010512
-0.0012231
-0.0010512
-0.0010512
-0.0010512
-0.0010512
-0.0010507
-0.0010512
-0.0010512
-0.0010512
-0.0015646
-0.0010512
-0.0010512
-0.0010512
-0.0010512
-0.0010512
-0.0010512
-0.0010512
-0.0010512
-0.0010512
-0.0010512
-0.0017036
-0.0010512
-0.0010512
-0.0010512
-0.0010512
-0.0010512
-0.0010512
-0.0010512
-0.0010512
-0.0010512
-0.0010512
-0.0010512
-0.0010512
-0.0010512
-0.0010512
-0.0011039
-0.0017185
-0.0010512
-0.001052
-0.0010512
-0.0010512
-0.0010512
-0.0010512
-0.0010512
-0.0010512
-0.0010512
-0.0010512
-0.0010512
-0.0010512
-0.0010512
-0.0010512
-0.0010512
-0.0010512
-0.0010512
-0.0010512
-0.0010512
-0.0010512
-0.0010512
-0.0010512
-0.0010512
-0.0010512
-0.0010512
-0.0010512
-0.0010512
-0.0010512
-0.0010512
-0.0010512
-0.0010512
-0.0010512
-0.0010512
-0.0010512
-0.0010538
-0.0010512
-0.0010512
-0.0010512
-0.0010512
-0.0010512
-0.0012948
-0.0010512
-0.0010512
-0.0010512
-0.0010512
-0.0010512
-0.0010512
-0.0015112
-0.0010512
-0.0010512
-0.0010512
-0.0010512
-0.0010512
-0.0010512
-0.0010512
-0.001063
-0.0010512
-0.0010512
-0.0013964
-0.0010512
-0.0010512
-0.0010512
-0.0010512
-0.0010512
-0.0010512
-0.0010512
-0.0010512
-0.0010512
-0.0010512
-0.0010512
-0.0014198
-0.0015204
-0.0010512
-0.0010512
-0.0010512
-0.0010512
-0.0010512
-0.0012798
-0.0010512
-0.0010512
-0.0010512
-0.0010512
-0.0010512
-0.0011543
-0.0010512
-0.0010512
-0.0011207
-0.0010512
-0.0010512
-0.0010512
-0.0010512
-0.0010512
-0.0010512
-0.0010512
-0.0010512
-0.0010512
-0.0010512
-0.0010512
-0.0010512
-0.0010512
-0.0010512
-0.0010512
-0.0010512
-0.0010512
-0.0010512
-0.0010512
-0.0010512
-0.0010512
-0.0010512
-0.0010512
-0.0010512
-0.0010512
-0.0010512
-0.0010512
-0.0010512
-0.0010512
-0.0012169
-0.0010512
-0.0010512
-0.0010512
-0.0010512
-0.0010512
-0.0010512
-0.0010512
-0.0010512
-0.0010512
-0.0010512
-0.0010512
-0.0011035
